2 1.4463066666666667e-05 4.118010259012638e-06
3 1.46824e-05 1.8085275778931324e-07
4 1.8333733333333334e-05 4.812040038625334e-07
5 2.4163200000000003e-05 2.527644571532952e-06
10 3.68718e-05 1.5617658083080164e-06
12 4.0802133333333334e-05 1.4769493604498875e-06
14 4.77136e-05 5.859961774619373e-07
16 5.21878e-05 3.181653708372427e-06
18 5.80842e-05 2.201438620538827e-07
20 6.29254e-05 2.1589050650734948e-06
30 9.56964e-05 8.610948303177765e-06
40 0.00012325666666666664 1.102791609205173e-06
50 0.000153131 1.6147752165549208e-06
60 0.000178338 3.1706338483022584e-06
70 0.00021408266666666666 2.7583220140754655e-06
80 0.00024132966666666665 4.060921118826768e-06
90 0.0002728236666666667 6.053771909589385e-06
100 0.00029961133333333335 7.265332018107199e-06
150 0.0005054343333333334 7.42626961087013e-06
200 0.0006560699999999999 1.314370191384437e-06
250 0.0008917870000000001 6.889934397365494e-06
300 0.0010792333333333331 1.542372306978227e-05
350 0.0013058 2.8219030812556305e-05
400 0.0015441333333333334 2.7941693458581413e-05
450 0.0017839433333333334 0.00010063488924490017
500 0.0020473699999999997 2.09474365973501e-05
550 0.0022341633333333335 2.8711123860506192e-05
600 0.00249995 4.181342846502789e-05
650 0.00270112 5.8395944208480736e-05
700 0.0029388 6.250082479455777e-05
750 0.00320531 7.281695338312362e-05
800 0.0033732899999999997 3.8549942931215835e-05
850 0.0036552433333333335 7.618256384064098e-05
900 0.00397735 0.00014146170188429087
950 0.00392363 1.0061893459980182e-05
1000 0.004233986666666667 0.00015149544624619337
1100 0.004635256666666667 0.0001540184003076689
1200 0.00517292 3.2962844234076744e-05
1300 0.005878296666666667 3.037999396532771e-05
1400 0.006430816666666666 3.7405609650603463e-05
1500 0.007091053333333333 0.00018957751457737107

