HHPPPPP 0.0 0.0 0.0 0.0 0.0 0.0 0.0 0.0 0.0 0.0 0.0 0.0 0.0 0.0 0.0 0.0 0.0 0.0 0.0 0.0 0.333333333333
PPPHPP 0.0 0.0 0.0 0.0 0.0 0.0 0.0 0.0 0.0 0.0 0.0 0.0 0.0 0.0 0.0 0.0 0.0 0.0 0.0 0.333333333333 0.333333333333
HPPPPPP 0.0 0.0 0.0 0.0 0.0 0.0 0.0 0.0 0.0 0.0 0.0 0.0 0.0 0.0 0.333333333333 0.333333333333 0.333333333333 0.333333333333 0.666666666667 0.666666666667 0.333333333333
HHPPHPP 0.0 0.0 0.0 0.0 0.0 0.0 0.0 0.0 0.333333333333 0.333333333333 0.333333333333 0.333333333333 0.333333333333 0.333333333333 0.0 0.0 0.0 0.0 0.0 0.0 0.0
fHPHPPH 0.0 0.0 0.0 0.0 0.0 0.0 0.0 0.0 0.0 0.333333333333 0.333333333333 0.333333333333 0.333333333333 0.333333333333 0.0 0.333333333333 0.333333333333 0.666666666667 1.0 1.0 0.666666666667
HPHPHH 0.0 0.0 0.0 0.0 0.0 0.0 0.0 0.0 0.0 0.0 0.0 0.0 0.0 0.0 0.0 0.0 0.0 0.333333333333 0.0 0.0 0.0
PPPHHPHHHHHHHH 0.0 0.0 0.0 0.0 0.0 0.0 0.0 0.0 0.0 0.0 0.0 0.0 0.0 0.0 0.0 0.0 0.0 0.0 0.0 0.333333333333 0.0
HHPPP 0.0 0.0 0.0 0.0 0.0 0.0 0.0 0.0 0.0 0.333333333333 0.666666666667 0.666666666667 0.666666666667 0.333333333333 1.33333333333 1.66666666667 2.0 3.0 3.33333333333 3.33333333333 3.0
PHPHHH 0.0 0.0 0.0 0.0 0.0 0.0 0.0 0.0 0.0 0.0 0.0 0.0 0.333333333333 0.333333333333 0.666666666667 0.333333333333 0.333333333333 0.333333333333 0.666666666667 0.666666666667 0.666666666667
PHHHPHP 0.0 0.0 0.0 0.0 0.0 0.0 0.0 0.0 0.0 0.0 0.0 0.0 0.0 0.0 0.0 0.0 0.0 0.0 0.0 0.0 0.333333333333
PHHHP 0.0 0.0 0.0 0.0 0.0 0.0 0.0 0.0 0.0 0.0 0.0 0.0 0.333333333333 0.666666666667 0.0 0.333333333333 0.666666666667 0.666666666667 1.0 0.666666666667 1.0
HHHPP 0.0 0.0 0.0 0.0 0.0 0.0 0.0 0.333333333333 0.333333333333 0.333333333333 0.333333333333 0.666666666667 0.666666666667 0.666666666667 1.33333333333 1.0 1.0 1.33333333333 1.0 1.33333333333 1.33333333333
PHPPPHP 0.0 0.0 0.0 0.0 0.0 0.0 0.0 0.0 0.0 0.0 0.0 0.0 0.0 0.0 0.0 0.0 0.0 0.0 0.0 0.333333333333 0.333333333333
PHPHPPH 0.0 0.0 0.0 0.0 0.0 0.0 0.0 0.0 0.0 0.333333333333 0.333333333333 0.333333333333 0.333333333333 0.333333333333 0.333333333333 0.333333333333 0.333333333333 0.333333333333 0.333333333333 0.333333333333 0.666666666667
PHHHPH 0.0 0.0 0.0 0.0 0.0 0.0 0.0 0.0 0.0 0.0 0.0 0.0 0.0 0.0 0.666666666667 0.666666666667 0.666666666667 1.0 1.0 1.0 0.333333333333
PHPHHHH 0.0 0.0 0.0 0.0 0.0 0.0 0.0 0.0 0.0 0.0 0.0 0.0 0.0 0.0 0.0 0.333333333333 0.333333333333 0.333333333333 0.0 0.333333333333 0.0
PPPPPP 0.0 0.0 0.0 0.0 0.0 0.0 0.0 0.0 0.0 0.0 0.0 0.0 0.333333333333 0.333333333333 0.333333333333 0.333333333333 0.333333333333 0.333333333333 0.333333333333 0.0 0.0
PPPHPHHHP 0.0 0.0 0.0 0.0 0.0 0.0 0.0 0.0 0.0 0.0 0.0 0.0 0.0 0.0 0.0 0.0 0.0 0.0 0.0 0.0 0.333333333333
PPPPPHPPH 0.0 0.0 0.0 0.0 0.0 0.0 0.0 0.0 0.0 0.0 0.0 0.0 0.0 0.0 0.0 0.0 0.0 0.0 0.333333333333 0.333333333333 0.333333333333
HPHPHP 0.0 0.0 0.0 0.0 0.0 0.0 0.0 0.0 0.333333333333 0.333333333333 0.333333333333 0.333333333333 0.333333333333 0.333333333333 0.0 0.0 0.0 0.0 0.0 0.333333333333 0.0
HPPPP 0.0 0.0 0.0 0.0 0.0 0.333333333333 0.0 0.0 0.333333333333 0.666666666667 0.666666666667 1.0 0.666666666667 0.666666666667 0.666666666667 0.666666666667 0.666666666667 1.33333333333 1.0 1.33333333333 1.33333333333
PPPPHP 0.0 0.0 0.0 0.0 0.0 0.0 0.0 0.0 0.0 0.0 0.0 0.0 0.0 0.0 0.0 0.333333333333 0.666666666667 0.666666666667 0.666666666667 1.0 1.0
HPPHPPPH 0.0 0.0 0.0 0.0 0.0 0.0 0.0 0.0 0.0 0.0 0.0 0.0 0.0 0.0 0.333333333333 0.0 0.0 0.0 0.0 0.0 0.0
HPPHHP 0.0 0.0 0.0 0.0 0.0 0.0 0.0 0.0 0.0 0.0 0.0 0.0 0.0 0.0 0.0 0.0 0.0 0.333333333333 0.666666666667 0.333333333333 0.333333333333
PHHHPHH 0.0 0.0 0.0 0.0 0.0 0.0 0.0 0.0 0.0 0.0 0.0 0.0 0.0 0.0 0.0 0.0 0.0 0.0 0.0 0.0 0.333333333333
HHHPPP 0.0 0.0 0.0 0.0 0.0 0.0 0.0 0.0 0.0 0.0 0.0 0.0 0.0 0.333333333333 0.666666666667 1.0 1.33333333333 0.333333333333 0.0 0.0 0.0
PHPPHHHHHHHH 0.0 0.0 0.0 0.0 0.0 0.0 0.0 0.0 0.0 0.0 0.0 0.0 0.0 0.0 0.0 0.0 0.0 0.0 0.0 0.0 0.333333333333
PHPHH 0.0 0.0 0.0 0.0 0.0 0.0 0.0 0.0 0.0 0.0 0.0 0.333333333333 0.333333333333 1.0 1.0 1.0 1.66666666667 2.0 1.0 0.666666666667 0.666666666667
HPHHPPH 0.0 0.0 0.0 0.0 0.0 0.0 0.0 0.0 0.0 0.0 0.0 0.0 0.0 0.0 0.0 0.0 0.0 0.333333333333 0.666666666667 0.333333333333 0.333333333333
PHHPPHHH 0.0 0.0 0.0 0.0 0.0 0.0 0.0 0.0 0.0 0.0 0.0 0.0 0.0 0.0 0.0 0.0 0.333333333333 0.333333333333 0.0 0.0 0.0
PPPPPPH 0.0 0.0 0.0 0.0 0.0 0.0 0.0 0.0 0.0 0.0 0.0 0.0 0.0 0.0 0.0 0.0 0.0 0.0 0.0 0.333333333333 0.333333333333
HPPPPH 0.0 0.0 0.0 0.0 0.0 0.0 0.333333333333 0.333333333333 0.333333333333 0.333333333333 0.333333333333 0.666666666667 0.333333333333 0.666666666667 0.666666666667 0.333333333333 0.333333333333 0.333333333333 0.0 0.333333333333 0.333333333333
PHHHPP 0.0 0.0 0.0 0.0 0.0 0.0 0.0 0.0 0.0 0.0 0.0 0.0 0.0 0.0 0.0 0.0 0.0 0.0 0.0 0.333333333333 0.333333333333
PPPPHPP 0.0 0.0 0.0 0.0 0.0 0.0 0.0 0.0 0.0 0.0 0.0 0.0 0.0 0.0 0.0 0.0 0.0 0.0 0.0 0.0 0.333333333333
HPPPPP 0.0 0.0 0.0 0.0 0.0 0.0 0.0 0.0 0.0 0.0 0.0 0.333333333333 1.0 1.0 0.666666666667 0.666666666667 0.666666666667 0.666666666667 0.333333333333 0.333333333333 0.333333333333
HPPP 0.0 0.0 0.333333333333 0.666666666667 1.0 0.666666666667 0.333333333333 1.0 1.33333333333 1.33333333333 1.66666666667 1.66666666667 1.33333333333 1.33333333333 2.66666666667 3.0 2.0 2.33333333333 2.66666666667 2.0 2.33333333333
PHHPH 0.0 0.0 0.0 0.0 0.0 0.333333333333 0.333333333333 0.0 0.0 0.0 0.666666666667 0.666666666667 0.666666666667 0.0 0.333333333333 0.333333333333 1.0 1.66666666667 1.66666666667 2.33333333333 2.66666666667
fHHHPPH 0.0 0.0 0.0 0.0 0.0 0.0 0.0 0.0 0.0 0.0 0.0 0.0 0.0 0.0 0.0 0.0 0.0 0.0 0.0 0.333333333333 0.0
HPPHPP 0.0 0.0 0.0 0.0 0.0 0.0 0.0 0.0 0.0 0.0 0.0 0.0 0.0 0.0 0.0 0.0 0.0 0.0 0.0 0.333333333333 0.333333333333
HPPPHPPPP 0.0 0.0 0.0 0.0 0.0 0.0 0.0 0.0 0.0 0.0 0.0 0.0 0.0 0.0 0.0 0.0 0.0 0.333333333333 0.333333333333 0.333333333333 0.333333333333
HPHHH 0.0 0.0 0.0 0.0 0.0 0.0 0.0 0.0 0.0 0.0 0.0 0.0 0.0 0.0 0.0 0.0 0.0 0.0 0.0 0.0 0.333333333333
fHHPPHH 0.0 0.0 0.0 0.0 0.0 0.0 0.0 0.0 0.0 0.0 0.0 0.0 0.0 0.0 0.0 0.0 0.333333333333 0.333333333333 0.666666666667 0.333333333333 0.666666666667
PHHPP 0.0 0.0 0.0 0.0 0.0 0.0 0.0 0.0 0.0 0.0 0.333333333333 0.0 0.0 0.333333333333 0.333333333333 0.333333333333 0.333333333333 0.0 0.666666666667 0.333333333333 0.666666666667
PHPHHPP 0.0 0.0 0.0 0.0 0.0 0.0 0.0 0.0 0.0 0.0 0.0 0.0 0.0 0.0 0.0 0.0 0.0 0.0 0.333333333333 0.666666666667 0.666666666667
HHH 0.0 0.0 0.666666666667 2.33333333333 2.66666666667 3.0 3.33333333333 4.33333333333 4.0 5.0 5.66666666667 5.0 4.66666666667 5.0 6.33333333333 7.33333333333 7.33333333333 8.0 7.0 7.66666666667 7.33333333333
HPH 0.0 0.0 0.333333333333 1.66666666667 1.66666666667 2.66666666667 4.33333333333 6.33333333333 7.66666666667 8.33333333333 10.6666666667 10.3333333333 11.3333333333 9.66666666667 8.66666666667 9.66666666667 10.3333333333 11.0 10.3333333333 8.66666666667 13.0
PPPPHHHHHHHHHHHHHH 0.0 0.0 0.0 0.0 0.0 0.0 0.0 0.0 0.0 0.0 0.0 0.0 0.0 0.0 0.0 0.0 0.0 0.0 0.0 0.0 0.333333333333
HPPHH 0.0 0.0 0.0 0.0 0.0 0.0 0.0 0.0 0.0 0.0 0.0 0.0 0.0 0.333333333333 0.333333333333 0.0 0.333333333333 0.333333333333 0.0 0.333333333333 0.666666666667
PHHPHP 0.0 0.0 0.0 0.0 0.0 0.0 0.0 0.0 0.0 0.0 0.0 0.0 0.0 0.333333333333 0.333333333333 0.333333333333 0.333333333333 0.333333333333 0.333333333333 0.666666666667 0.666666666667
PHP 0.0 0.0 0.666666666667 1.66666666667 2.33333333333 3.66666666667 4.66666666667 7.66666666667 8.66666666667 8.33333333333 9.0 10.6666666667 10.0 9.33333333333 10.0 9.33333333333 11.0 10.3333333333 9.33333333333 8.66666666667 9.0
PHPHPHH 0.0 0.0 0.0 0.0 0.0 0.0 0.0 0.0 0.0 0.0 0.0 0.0 0.0 0.0 0.0 0.0 0.0 0.333333333333 0.333333333333 0.333333333333 0.333333333333
HPHHHHH 0.0 0.0 0.0 0.0 0.0 0.0 0.0 0.0 0.0 0.0 0.0 0.0 0.0 0.0 0.0 0.0 0.0 0.0 0.333333333333 0.0 0.0
PHPHHHHHH 0.0 0.0 0.0 0.0 0.0 0.0 0.0 0.0 0.0 0.0 0.0 0.0 0.0 0.0 0.0 0.0 0.0 0.0 0.0 0.666666666667 0.0
HHPPPH 0.0 0.0 0.0 0.0 0.0 0.0 0.0 0.0 0.0 0.0 0.0 0.0 0.0 0.333333333333 0.0 0.0 0.0 0.0 0.0 0.0 0.666666666667
PPPHH 0.0 0.0 0.0 0.0 0.0 0.0 0.0 0.0 0.0 0.0 0.0 0.0 0.333333333333 0.333333333333 0.666666666667 0.666666666667 1.33333333333 1.66666666667 1.0 1.0 1.0
PHHPPHHP 0.0 0.0 0.0 0.0 0.0 0.0 0.0 0.0 0.0 0.0 0.0 0.0 0.0 0.0 0.0 0.333333333333 0.333333333333 0.333333333333 0.333333333333 0.333333333333 0.0
PPPPHHHH 0.0 0.0 0.0 0.0 0.0 0.0 0.0 0.0 0.0 0.0 0.0 0.0 0.0 0.0 0.0 0.0 0.0 0.0 0.333333333333 0.333333333333 0.0
PHHPPP 0.0 0.0 0.0 0.0 0.0 0.0 0.0 0.0 0.0 0.0 0.0 0.0 0.0 0.0 0.0 0.0 0.0 0.333333333333 0.333333333333 0.333333333333 0.333333333333
PHPHHHHHP 0.0 0.0 0.0 0.0 0.0 0.0 0.0 0.0 0.0 0.0 0.0 0.0 0.0 0.0 0.0 0.0 0.0 0.0 0.333333333333 0.333333333333 0.333333333333
HHHH 0.0 0.0 0.0 0.0 0.333333333333 0.333333333333 0.333333333333 0.333333333333 0.666666666667 0.333333333333 1.66666666667 1.33333333333 1.33333333333 1.33333333333 1.66666666667 1.66666666667 2.66666666667 2.33333333333 2.66666666667 2.66666666667 3.66666666667
HP 0.0 6.0 9.0 11.0 13.3333333333 16.0 18.0 18.6666666667 18.0 19.3333333333 21.6666666667 21.6666666667 24.0 24.3333333333 23.6666666667 22.6666666667 23.0 23.6666666667 24.3333333333 24.6666666667 26.0
HPHPHHP 0.0 0.0 0.0 0.0 0.0 0.0 0.0 0.0 0.0 0.0 0.0 0.0 0.0 0.0 0.0 0.333333333333 0.0 0.0 0.0 0.0 0.0
HPPPHPH 0.0 0.0 0.0 0.0 0.0 0.0 0.0 0.0 0.0 0.0 0.0 0.0 0.0 0.0 0.0 0.0 0.0 0.0 0.333333333333 0.333333333333 0.333333333333
PPHHP 0.0 0.0 0.0 0.0 0.0 0.0 0.0 0.0 0.0 0.0 0.333333333333 0.333333333333 0.333333333333 0.333333333333 0.333333333333 1.0 1.0 1.66666666667 1.33333333333 1.33333333333 1.0
HPHHP 0.0 0.0 0.0 0.0 0.0 0.0 0.0 0.0 0.333333333333 0.333333333333 0.333333333333 0.333333333333 0.333333333333 0.333333333333 0.333333333333 1.0 0.666666666667 0.333333333333 0.666666666667 1.0 1.0
PPPPP 0.0 0.0 0.0 0.0 0.0 0.0 0.0 0.0 0.0 0.0 0.0 0.333333333333 0.333333333333 0.333333333333 0.333333333333 1.0 1.0 1.33333333333 1.33333333333 1.33333333333 1.33333333333
HPHPPH 0.0 0.0 0.0 0.0 0.0 0.0 0.0 0.0 0.0 0.0 0.0 0.0 0.0 0.0 0.333333333333 0.0 0.333333333333 0.0 0.333333333333 0.333333333333 0.666666666667
fHHHH 0.0 0.0 0.0 0.0 0.333333333333 0.333333333333 0.333333333333 1.0 1.66666666667 2.33333333333 1.33333333333 2.33333333333 3.33333333333 4.0 4.66666666667 5.0 4.66666666667 6.66666666667 11.3333333333 12.3333333333 9.0
PPPPH 0.0 0.0 0.0 0.0 0.0 0.333333333333 0.333333333333 0.333333333333 0.0 0.0 0.0 0.0 0.333333333333 0.666666666667 1.33333333333 1.0 1.66666666667 2.33333333333 2.33333333333 1.33333333333 0.666666666667
fHPHH 0.0 0.0 0.0 0.0 0.666666666667 0.666666666667 0.666666666667 0.333333333333 0.666666666667 1.33333333333 1.0 1.66666666667 2.0 2.66666666667 3.0 2.66666666667 2.66666666667 3.0 3.66666666667 5.0 3.0
PPPHPHHH 0.0 0.0 0.0 0.0 0.0 0.0 0.0 0.0 0.0 0.0 0.0 0.0 0.0 0.0 0.0 0.0 0.0 0.0 0.333333333333 0.333333333333 0.0
HHP 0.0 0.0 0.333333333333 1.33333333333 2.33333333333 2.66666666667 1.66666666667 4.33333333333 6.0 6.33333333333 8.0 10.6666666667 10.6666666667 10.0 11.3333333333 11.3333333333 11.0 9.0 8.0 7.66666666667 7.66666666667
PPHHHHHHH 0.0 0.0 0.0 0.0 0.0 0.0 0.0 0.0 0.0 0.0 0.0 0.0 0.0 0.0 0.0 0.0 0.0 0.0 0.0 0.666666666667 0.0
PPPHHPHHHHH 0.0 0.0 0.0 0.0 0.0 0.0 0.0 0.0 0.0 0.0 0.0 0.0 0.0 0.0 0.0 0.0 0.0 0.0 0.333333333333 0.0 0.333333333333
PHHP 0.0 0.0 0.0 0.0 0.0 0.0 0.0 0.333333333333 1.33333333333 1.0 1.0 1.66666666667 2.0 3.0 3.33333333333 4.0 5.0 5.0 5.0 4.33333333333 5.0
fHPPHPPPHHHHHHH 0.0 0.0 0.0 0.0 0.0 0.0 0.0 0.0 0.0 0.0 0.0 0.0 0.0 0.0 0.0 0.0 0.0 0.0 0.0 0.333333333333 0.333333333333
PHPPHP 0.0 0.0 0.0 0.0 0.0 0.0 0.0 0.0 0.0 0.0 0.0 0.0 0.0 0.0 0.0 0.0 0.0 0.333333333333 0.333333333333 1.0 1.66666666667
PHPHHHP 0.0 0.0 0.0 0.0 0.0 0.0 0.0 0.0 0.0 0.0 0.0 0.0 0.0 0.0 0.0 0.0 0.0 0.0 0.333333333333 0.666666666667 0.666666666667
PHPHPHHHH 0.0 0.0 0.0 0.0 0.0 0.0 0.0 0.0 0.0 0.0 0.0 0.0 0.0 0.0 0.0 0.0 0.0 0.0 0.0 0.0 0.333333333333
PPPHHHHHHHH 0.0 0.0 0.0 0.0 0.0 0.0 0.0 0.0 0.0 0.0 0.0 0.0 0.0 0.0 0.0 0.0 0.0 0.0 0.0 0.333333333333 0.0
HPPPHP 0.0 0.0 0.0 0.0 0.0 0.0 0.333333333333 0.333333333333 0.0 0.0 0.0 0.0 0.333333333333 0.333333333333 0.0 0.0 0.0 0.333333333333 0.0 0.0 0.0
PH 0.0 4.66666666667 6.66666666667 13.3333333333 15.3333333333 18.3333333333 19.3333333333 21.3333333333 21.3333333333 26.3333333333 25.0 25.0 24.6666666667 24.3333333333 26.6666666667 23.3333333333 22.0 21.6666666667 21.3333333333 22.0 24.0
HPHP 0.0 0.0 0.0 0.333333333333 0.333333333333 0.0 0.666666666667 1.0 1.33333333333 1.66666666667 1.66666666667 2.66666666667 2.66666666667 3.66666666667 3.66666666667 3.66666666667 3.66666666667 3.66666666667 3.66666666667 2.66666666667 2.33333333333
PHPPH 0.0 0.0 0.0 0.0 0.0 0.0 0.0 0.0 0.0 0.0 0.0 0.0 0.333333333333 1.0 1.66666666667 1.66666666667 1.66666666667 1.33333333333 2.0 1.33333333333 1.0
PHPP 0.0 0.0 0.0 0.0 0.333333333333 0.333333333333 0.333333333333 0.333333333333 0.666666666667 1.33333333333 2.66666666667 3.0 3.66666666667 3.66666666667 2.66666666667 4.0 4.0 4.33333333333 4.0 4.66666666667 5.66666666667
PPP 0.0 0.0 0.666666666667 1.0 1.66666666667 3.0 4.0 6.0 7.0 7.66666666667 9.33333333333 9.0 10.6666666667 11.3333333333 11.0 11.0 12.3333333333 11.6666666667 12.3333333333 10.3333333333 10.0
HPPHP 0.0 0.0 0.0 0.0 0.0 0.0 0.0 0.0 0.0 0.0 0.0 0.333333333333 0.0 0.333333333333 0.333333333333 0.333333333333 0.666666666667 0.666666666667 0.666666666667 0.333333333333 0.666666666667
PP 0.0 4.33333333333 8.33333333333 10.6666666667 12.6666666667 14.3333333333 16.0 18.3333333333 18.6666666667 17.3333333333 21.6666666667 21.3333333333 19.0 20.3333333333 19.3333333333 18.3333333333 22.3333333333 23.0 22.6666666667 23.0 25.3333333333
HPHHPPP 0.0 0.0 0.0 0.0 0.0 0.0 0.0 0.0 0.0 0.0 0.0 0.0 0.0 0.0 0.0 0.0 0.0 0.0 0.0 0.0 0.333333333333
PHPHP 0.0 0.0 0.0 0.0 0.0 0.0 0.0 0.666666666667 0.333333333333 0.333333333333 0.333333333333 0.333333333333 0.666666666667 0.666666666667 1.0 0.666666666667 1.33333333333 1.66666666667 1.66666666667 1.33333333333 1.66666666667
HPPPHHPP 0.0 0.0 0.0 0.0 0.0 0.0 0.0 0.0 0.0 0.0 0.0 0.0 0.0 0.0 0.0 0.0 0.0 0.333333333333 0.333333333333 0.333333333333 0.333333333333
PHPHPH 0.0 0.0 0.0 0.0 0.0 0.0 0.0 0.0 0.0 0.0 0.0 0.0 0.0 0.0 0.0 0.333333333333 0.333333333333 0.0 0.0 0.333333333333 0.0
PHPHHP 0.0 0.0 0.0 0.0 0.0 0.0 0.0 0.0 0.0 0.0 0.0 0.0 0.0 0.0 0.0 0.0 0.0 0.333333333333 0.333333333333 0.0 0.0
PHPPHH 0.0 0.0 0.0 0.0 0.0 0.0 0.0 0.0 0.0 0.0 0.0 0.0 0.0 0.0 0.0 0.0 0.0 0.333333333333 0.666666666667 0.333333333333 0.333333333333
PHHH 0.0 0.0 0.0 0.0 0.0 0.333333333333 0.333333333333 0.333333333333 1.0 1.33333333333 1.33333333333 2.33333333333 2.0 2.0 3.0 4.0 3.66666666667 4.0 4.33333333333 3.66666666667 3.0
fHPHPHPHH 0.0 0.0 0.0 0.0 0.0 0.0 0.0 0.0 0.0 0.0 0.0 0.0 0.0 0.0 0.0 0.0 0.0 0.0 0.333333333333 0.333333333333 0.333333333333
PPPH 0.0 0.0 0.0 0.0 0.0 0.0 0.333333333333 0.666666666667 0.666666666667 1.33333333333 1.33333333333 3.66666666667 2.66666666667 3.0 3.66666666667 4.33333333333 3.33333333333 3.33333333333 4.33333333333 6.33333333333 6.0
HHHPPPPH 0.0 0.0 0.0 0.0 0.0 0.0 0.0 0.0 0.0 0.0 0.0 0.0 0.0 0.0 0.0 0.0 0.0 0.0 0.333333333333 0.333333333333 0.333333333333
PHHPPHHPH 0.0 0.0 0.0 0.0 0.0 0.0 0.0 0.0 0.0 0.0 0.0 0.0 0.0 0.0 0.0 0.0 0.0 0.0 0.0 0.0 0.333333333333
HH 0.0 3.66666666667 9.0 9.66666666667 10.3333333333 13.6666666667 17.3333333333 18.0 19.0 21.0 21.6666666667 24.0 25.0 23.6666666667 22.0 24.3333333333 24.3333333333 24.0 17.6666666667 13.0 12.6666666667
PHPPHHHHH 0.0 0.0 0.0 0.0 0.0 0.0 0.0 0.0 0.0 0.0 0.0 0.0 0.0 0.0 0.0 0.0 0.0 0.0 0.0 0.333333333333 0.0
HHPP 0.0 0.0 0.0 0.0 0.0 1.0 1.0 1.0 1.33333333333 2.0 2.33333333333 2.66666666667 2.0 4.0 3.0 2.0 2.66666666667 3.66666666667 3.33333333333 3.66666666667 3.33333333333
PHPPP 0.0 0.0 0.0 0.0 0.0 0.333333333333 0.333333333333 0.333333333333 0.333333333333 0.0 0.0 0.0 0.0 0.333333333333 0.666666666667 1.0 1.0 1.0 1.33333333333 1.33333333333 0.333333333333
HPHHPP 0.0 0.0 0.0 0.0 0.0 0.0 0.0 0.0 0.0 0.0 0.0 0.0 0.0 0.0 0.333333333333 0.333333333333 0.666666666667 0.666666666667 0.333333333333 0.333333333333 0.0
PHHPPPP 0.0 0.0 0.0 0.0 0.0 0.0 0.0 0.0 0.0 0.0 0.0 0.0 0.0 0.0 0.0 0.0 0.0 0.0 0.0 0.333333333333 0.333333333333
PHHPPHHHHHHHHH 0.0 0.0 0.0 0.0 0.0 0.0 0.0 0.0 0.0 0.0 0.0 0.0 0.0 0.0 0.0 0.0 0.0 0.0 0.0 0.333333333333 0.0
PHPPPP 0.0 0.0 0.0 0.0 0.0 0.0 0.0 0.0 0.333333333333 0.666666666667 0.666666666667 0.333333333333 0.333333333333 0.333333333333 0.333333333333 0.666666666667 0.333333333333 0.333333333333 0.0 0.0 0.333333333333
PPHHPPP 0.0 0.0 0.0 0.0 0.0 0.0 0.0 0.0 0.0 0.0 0.0 0.0 0.0 0.0 0.333333333333 0.333333333333 0.333333333333 0.333333333333 0.333333333333 0.333333333333 0.0
PPHH 0.0 0.0 0.0 0.0 0.0 0.0 0.333333333333 0.333333333333 0.666666666667 1.33333333333 1.33333333333 1.33333333333 1.66666666667 2.33333333333 2.66666666667 2.33333333333 3.0 2.0 2.33333333333 3.0 3.33333333333
PHHPHPH 0.0 0.0 0.0 0.0 0.0 0.0 0.0 0.0 0.0 0.0 0.0 0.0 0.0 0.0 0.0 0.0 0.0 0.0 0.333333333333 0.0 0.333333333333
HPHPHHHHP 0.0 0.0 0.0 0.0 0.0 0.0 0.0 0.0 0.0 0.0 0.0 0.0 0.0 0.0 0.0 0.0 0.0 0.0 0.0 0.0 0.333333333333
HPPHPPP 0.0 0.0 0.0 0.0 0.0 0.0 0.0 0.0 0.0 0.0 0.0 0.0 0.333333333333 0.333333333333 0.0 0.0 0.0 0.0 0.0 0.0 0.333333333333
HHPPHP 0.0 0.0 0.0 0.0 0.0 0.0 0.0 0.0 0.0 0.0 0.0 0.0 0.0 0.0 0.0 0.0 0.0 1.0 1.0 1.0 1.33333333333
PHHPPHH 0.0 0.0 0.0 0.0 0.0 0.0 0.0 0.0 0.0 0.0 0.0 0.0 0.0 0.0 0.333333333333 0.333333333333 0.0 0.0 0.0 0.0 0.0
PPPHPH 0.0 0.0 0.0 0.0 0.0 0.0 0.0 0.0 0.0 0.0 0.0 0.0 0.0 1.0 1.33333333333 1.33333333333 1.0 1.0 1.0 1.0 1.0
HHHPPH 0.0 0.0 0.0 0.0 0.0 0.0 0.0 0.0 0.0 0.0 0.0 0.0 0.0 0.0 0.0 0.0 0.0 0.0 0.333333333333 0.0 0.333333333333
PPHP 0.0 0.0 0.0 0.0 0.333333333333 0.666666666667 0.666666666667 0.666666666667 0.666666666667 1.66666666667 1.66666666667 2.66666666667 3.33333333333 3.33333333333 3.33333333333 4.33333333333 4.33333333333 5.0 5.0 5.66666666667 5.66666666667
PPHHHHHHHP 0.0 0.0 0.0 0.0 0.0 0.0 0.0 0.0 0.0 0.0 0.0 0.0 0.0 0.0 0.0 0.0 0.0 0.0 0.0 0.0 0.333333333333
PHHPPHHHH 0.0 0.0 0.0 0.0 0.0 0.0 0.0 0.0 0.0 0.0 0.0 0.0 0.0 0.0 0.0 0.0 0.0 0.0 0.333333333333 0.0 0.0
HPHHPH 0.0 0.0 0.0 0.0 0.0 0.0 0.0 0.0 0.0 0.0 0.0 0.0 0.0 0.0 0.0 0.0 0.0 0.333333333333 0.333333333333 0.333333333333 0.333333333333
HPPPPHPPP 0.0 0.0 0.0 0.0 0.0 0.0 0.0 0.0 0.0 0.0 0.0 0.0 0.0 0.0 0.0 0.0 0.0 0.0 0.0 0.0 0.333333333333
HHHPPPP 0.0 0.0 0.0 0.0 0.0 0.0 0.0 0.0 0.0 0.0 0.0 0.0 0.0 0.0 0.0 0.0 0.0 0.333333333333 0.0 0.0 0.0
PPHHPPPH 0.0 0.0 0.0 0.0 0.0 0.0 0.0 0.0 0.0 0.0 0.0 0.0 0.0 0.0 0.0 0.0 0.0 0.0 0.0 0.0 0.333333333333
PPPHP 0.0 0.0 0.333333333333 0.333333333333 0.333333333333 0.333333333333 0.333333333333 0.333333333333 0.666666666667 0.666666666667 0.666666666667 0.666666666667 1.33333333333 0.333333333333 0.666666666667 0.666666666667 0.666666666667 1.0 1.0 0.666666666667 1.33333333333
HHPHP 0.0 0.0 0.0 0.0 0.0 0.0 0.0 0.0 0.0 0.0 0.0 0.0 0.0 0.333333333333 1.0 1.0 0.333333333333 0.666666666667 1.0 1.0 1.0
PHHPHHHHH 0.0 0.0 0.0 0.0 0.0 0.0 0.0 0.0 0.0 0.0 0.0 0.0 0.0 0.0 0.0 0.0 0.0 0.0 0.333333333333 0.0 0.0
PHH 0.0 0.0 0.666666666667 0.666666666667 1.66666666667 3.0 4.66666666667 4.33333333333 5.0 6.0 7.66666666667 6.0 7.66666666667 9.33333333333 10.3333333333 11.0 10.6666666667 10.0 8.66666666667 8.0 7.66666666667
PPHHHH 0.0 0.0 0.0 0.0 0.0 0.0 0.333333333333 0.333333333333 0.333333333333 0.333333333333 0.0 0.0 0.0 0.0 0.333333333333 0.333333333333 0.333333333333 0.666666666667 0.0 0.666666666667 1.0
PPPHHPH 0.0 0.0 0.0 0.0 0.0 0.0 0.0 0.0 0.0 0.0 0.0 0.333333333333 0.333333333333 0.333333333333 0.0 0.0 0.0 0.0 0.0 0.0 0.333333333333
fHHPPHPPH 0.0 0.0 0.0 0.0 0.0 0.0 0.0 0.0 0.0 0.0 0.0 0.0 0.0 0.0 0.333333333333 0.333333333333 0.333333333333 0.333333333333 0.333333333333 0.333333333333 0.333333333333
HPPPHHP 0.0 0.0 0.0 0.0 0.0 0.0 0.0 0.0 0.0 0.333333333333 0.333333333333 0.333333333333 0.333333333333 0.333333333333 0.333333333333 0.333333333333 0.333333333333 0.0 0.0 0.0 0.0
HHHP 0.0 0.0 0.0 0.0 0.0 0.333333333333 0.666666666667 0.666666666667 0.666666666667 1.0 1.66666666667 2.0 2.66666666667 3.0 1.66666666667 1.66666666667 1.66666666667 1.33333333333 1.66666666667 1.66666666667 2.0
PPHPHH 0.0 0.0 0.0 0.0 0.0 0.0 0.0 0.0 0.0 0.0 0.0 0.0 0.0 0.0 0.0 0.0 0.0 0.333333333333 0.666666666667 0.333333333333 0.0
HHPPHH 0.0 0.0 0.0 0.0 0.0 0.0 0.0 0.0 0.0 0.0 0.0 0.0 0.0 0.0 0.0 0.0 0.0 0.0 0.0 0.333333333333 0.0
PHHPPH 0.0 0.0 0.0 0.0 0.0 0.0 0.0 0.0 0.0 0.0 0.0 0.333333333333 0.333333333333 0.333333333333 0.333333333333 0.0 0.0 0.0 0.0 0.0 0.0
HPP 0.0 0.0 1.0 1.0 1.66666666667 2.33333333333 3.0 3.66666666667 5.33333333333 5.33333333333 6.33333333333 6.66666666667 7.66666666667 8.0 8.33333333333 7.33333333333 8.33333333333 7.0 7.33333333333 7.0 5.33333333333
PHHPHH 0.0 0.0 0.0 0.0 0.0 0.0 0.0 0.333333333333 0.333333333333 0.333333333333 0.333333333333 0.333333333333 0.666666666667 1.0 0.666666666667 0.666666666667 0.666666666667 0.666666666667 0.0 0.0 0.0
PPHHHHHHHHH 0.0 0.0 0.0 0.0 0.0 0.0 0.0 0.0 0.0 0.0 0.0 0.0 0.0 0.0 0.0 0.0 0.0 0.0 0.0 0.333333333333 0.0
HPPPPHP 0.0 0.0 0.0 0.0 0.0 0.0 0.0 0.0 0.0 0.0 0.0 0.0 0.333333333333 0.333333333333 0.333333333333 0.666666666667 0.333333333333 0.333333333333 0.666666666667 0.333333333333 0.333333333333
fHPHPHH 0.0 0.0 0.0 0.0 0.0 0.0 0.0 0.0 0.0 0.0 0.0 0.0 0.0 0.0 0.0 0.0 0.0 0.0 0.333333333333 0.666666666667 0.333333333333
fPHHPHPH 0.0 0.0 0.0 0.0 0.0 0.0 0.0 0.0 0.0 0.0 0.0 0.0 0.0 0.0 0.0 0.333333333333 0.333333333333 0.333333333333 0.0 0.333333333333 0.0
HHPH 0.0 0.0 0.0 0.0 0.0 0.666666666667 0.0 0.333333333333 0.333333333333 0.666666666667 0.0 1.33333333333 0.666666666667 1.33333333333 1.33333333333 2.0 2.33333333333 2.0 1.66666666667 2.0 1.0
HPHH 0.0 0.0 0.0 0.0 0.0 0.0 0.0 0.333333333333 0.0 0.0 0.333333333333 0.666666666667 1.0 1.66666666667 1.66666666667 1.33333333333 1.66666666667 2.0 1.66666666667 1.0 2.33333333333
PPHPPPP 0.0 0.0 0.0 0.0 0.0 0.0 0.0 0.0 0.0 0.0 0.0 0.0 0.0 0.0 0.0 0.0 0.0 0.0 0.0 0.0 0.333333333333
PHPPHHP 0.0 0.0 0.0 0.0 0.0 0.0 0.0 0.0 0.0 0.0 0.0 0.0 0.0 0.0 0.0 0.0 0.0 0.0 0.0 0.333333333333 0.333333333333
PHHHH 0.0 0.0 0.0 0.0 0.0 0.0 0.0 0.0 0.0 0.0 0.0 0.0 0.0 0.0 0.0 0.0 0.0 0.0 0.0 0.0 0.333333333333
PPPPPHP 0.0 0.0 0.0 0.0 0.0 0.0 0.0 0.0 0.0 0.0 0.0 0.0 0.0 0.0 0.0 0.0 0.0 0.333333333333 0.0 0.0 0.0
HPHHPPHP 0.0 0.0 0.0 0.0 0.0 0.0 0.0 0.0 0.0 0.0 0.0 0.0 0.0 0.0 0.0 0.0 0.0 0.0 0.0 0.333333333333 0.0
HHPHPP 0.0 0.0 0.0 0.0 0.0 0.0 0.0 0.0 0.0 0.0 0.0 0.0 0.0 0.0 0.0 0.0 0.333333333333 0.333333333333 0.333333333333 0.666666666667 1.0
HPPHPPPHH 0.0 0.0 0.0 0.0 0.0 0.0 0.0 0.0 0.0 0.0 0.0 0.0 0.0 0.0 0.0 0.333333333333 0.333333333333 0.333333333333 0.0 0.0 0.0
PPHHHHH 0.0 0.0 0.0 0.0 0.0 0.0 0.0 0.0 0.0 0.0 0.0 0.0 0.0 0.0 0.0 0.333333333333 0.333333333333 0.333333333333 1.33333333333 0.333333333333 0.666666666667
HPHPHPH 0.0 0.0 0.0 0.0 0.0 0.0 0.0 0.0 0.0 0.0 0.0 0.0 0.0 0.0 0.333333333333 0.333333333333 0.333333333333 0.333333333333 0.0 0.333333333333 0.333333333333
HPHPP 0.0 0.0 0.0 0.0 0.0 0.0 0.0 0.0 0.333333333333 0.0 0.333333333333 0.333333333333 0.333333333333 0.666666666667 1.0 1.66666666667 1.66666666667 2.33333333333 1.66666666667 2.0 2.0
HPPHPPPHHHH 0.0 0.0 0.0 0.0 0.0 0.0 0.0 0.0 0.0 0.0 0.0 0.0 0.0 0.0 0.0 0.0 0.0 0.0 0.333333333333 0.0 0.0
H 50.0 50.6666666667 49.3333333333 51.0 53.0 49.6666666667 48.0 46.6666666667 50.6666666667 50.6666666667 46.3333333333 47.0 45.0 42.3333333333 43.6666666667 43.0 44.6666666667 46.0 45.3333333333 52.0 51.0
HPPH 0.0 0.0 0.0 0.0 0.0 0.0 0.0 0.0 0.0 0.0 0.333333333333 0.333333333333 1.33333333333 0.666666666667 1.33333333333 1.0 1.33333333333 0.333333333333 2.0 0.666666666667 2.66666666667
PPHHHHHH 0.0 0.0 0.0 0.0 0.0 0.0 0.0 0.0 0.0 0.0 0.0 0.0 0.0 0.0 0.0 0.0 0.0 0.0 0.0 0.0 0.333333333333
PPPHPHH 0.0 0.0 0.0 0.0 0.0 0.0 0.0 0.0 0.0 0.0 0.0 0.0 0.0 0.0 0.0 0.0 0.666666666667 0.666666666667 0.666666666667 0.666666666667 0.666666666667
fHPPH 0.0 0.0 0.0 0.0 0.0 0.0 0.0 0.0 0.0 0.0 0.666666666667 1.0 1.0 2.33333333333 2.66666666667 4.0 3.33333333333 4.33333333333 3.33333333333 5.0 3.33333333333
PHPPPPP 0.0 0.0 0.0 0.0 0.0 0.0 0.0 0.0 0.0 0.0 0.0 0.0 0.0 0.0 0.0 0.0 0.0 0.0 0.0 0.0 0.333333333333
PHPPPPH 0.0 0.0 0.0 0.0 0.0 0.0 0.0 0.0 0.0 0.0 0.0 0.0 0.0 0.0 0.0 0.0 0.333333333333 0.333333333333 0.333333333333 0.333333333333 0.333333333333
HPPPPHPP 0.0 0.0 0.0 0.0 0.0 0.0 0.0 0.0 0.0 0.0 0.0 0.0 0.0 0.0 0.0 0.0 0.333333333333 0.333333333333 0.333333333333 0.666666666667 0.333333333333
PPHHH 0.0 0.0 0.0 0.333333333333 0.333333333333 0.333333333333 0.0 0.0 0.0 0.0 0.333333333333 0.666666666667 0.666666666667 0.666666666667 1.0 1.33333333333 1.33333333333 1.33333333333 1.0 0.666666666667 0.333333333333
PPHPP 0.0 0.0 0.0 0.0 0.0 0.0 0.0 0.0 0.666666666667 0.666666666667 1.0 0.666666666667 1.0 1.66666666667 1.66666666667 2.0 2.0 2.0 2.33333333333 2.0 2.0
PPPHHHHHHHHH 0.0 0.0 0.0 0.0 0.0 0.0 0.0 0.0 0.0 0.0 0.0 0.0 0.0 0.0 0.0 0.0 0.0 0.0 0.0 0.0 0.333333333333
HHPPPP 0.0 0.0 0.0 0.0 0.0 0.0 0.0 0.0 0.0 0.0 0.0 0.0 0.0 0.0 0.0 0.333333333333 0.333333333333 0.333333333333 1.33333333333 1.0 0.666666666667
PPPP 0.0 0.0 0.0 0.0 0.333333333333 0.666666666667 0.666666666667 0.666666666667 1.0 1.33333333333 1.66666666667 1.66666666667 2.33333333333 3.0 3.33333333333 3.0 3.0 3.0 3.0 4.66666666667 4.33333333333
PPPHHPHH 0.0 0.0 0.0 0.0 0.0 0.0 0.0 0.0 0.0 0.0 0.0 0.0 0.0 0.0 0.333333333333 0.333333333333 0.333333333333 0.333333333333 0.0 0.0 0.0
HPPPH 0.0 0.0 0.0 0.0 0.333333333333 0.333333333333 0.333333333333 0.0 0.0 0.0 0.0 0.666666666667 0.333333333333 0.333333333333 0.666666666667 1.0 1.33333333333 0.666666666667 1.33333333333 2.0 2.33333333333
PPHPHHP 0.0 0.0 0.0 0.0 0.0 0.0 0.0 0.0 0.0 0.0 0.0 0.0 0.0 0.0 0.0 0.0 0.0 0.0 0.0 0.333333333333 0.333333333333
HHPPPPPP 0.0 0.0 0.0 0.0 0.0 0.0 0.0 0.0 0.0 0.0 0.0 0.0 0.0 0.0 0.0 0.0 0.0 0.0 0.0 0.333333333333 0.333333333333
HHPHH 0.0 0.0 0.0 0.0 0.0 0.0 0.0 0.0 0.0 0.0 0.0 0.0 0.0 0.333333333333 0.0 0.0 0.666666666667 0.0 0.0 0.0 0.0
PPPPHH 0.0 0.0 0.0 0.0 0.0 0.0 0.0 0.0 0.333333333333 0.333333333333 0.333333333333 0.333333333333 0.333333333333 0.333333333333 0.666666666667 1.33333333333 1.33333333333 1.33333333333 1.0 1.66666666667 1.66666666667
PHPH 0.0 0.0 0.0 0.0 0.333333333333 0.333333333333 0.666666666667 0.0 0.333333333333 1.33333333333 1.66666666667 2.0 2.0 2.66666666667 2.66666666667 5.0 4.33333333333 4.66666666667 5.0 5.0 5.33333333333
PHPHPP 0.0 0.0 0.0 0.0 0.0 0.0 0.0 0.0 0.333333333333 0.0 0.0 0.0 0.0 0.0 0.0 0.0 0.0 0.0 0.333333333333 0.666666666667 0.333333333333
PPHHHHPP 0.0 0.0 0.0 0.0 0.0 0.0 0.0 0.0 0.0 0.0 0.333333333333 0.333333333333 0.333333333333 0.333333333333 0.333333333333 0.333333333333 0.333333333333 0.333333333333 0.333333333333 0.333333333333 0.333333333333
PHHHHP 0.0 0.0 0.0 0.0 0.0 0.0 0.0 0.0 0.0 0.333333333333 0.333333333333 0.333333333333 0.333333333333 0.333333333333 0.333333333333 0.333333333333 0.333333333333 0.333333333333 0.333333333333 0.333333333333 0.333333333333
HPPPHPPP 0.0 0.0 0.0 0.0 0.0 0.0 0.0 0.0 0.0 0.0 0.0 0.0 0.0 0.333333333333 0.333333333333 0.333333333333 0.333333333333 0.0 0.0 0.0 0.333333333333
fHHPH 0.0 0.0 0.0 0.0 0.0 0.0 1.33333333333 1.33333333333 1.66666666667 1.66666666667 2.66666666667 1.33333333333 3.0 3.0 3.33333333333 4.33333333333 4.0 4.33333333333 5.0 5.66666666667 6.0
HPPPHH 0.0 0.0 0.0 0.0 0.0 0.0 0.0 0.333333333333 0.333333333333 0.0 0.0 0.0 0.0 0.0 0.0 0.0 0.0 0.333333333333 0.333333333333 0.333333333333 0.333333333333
PHPPPH 0.0 0.0 0.0 0.0 0.0 0.0 0.0 0.0 0.0 0.0 0.0 0.0 0.0 0.333333333333 0.333333333333 0.333333333333 0.333333333333 0.333333333333 0.666666666667 0.333333333333 0.333333333333
HHPPPPHH 0.0 0.0 0.0 0.0 0.0 0.0 0.0 0.0 0.0 0.0 0.0 0.0 0.0 0.0 0.0 0.0 0.0 0.0 0.0 0.333333333333 0.333333333333
PPH 0.0 0.333333333333 0.666666666667 1.33333333333 2.0 2.33333333333 3.33333333333 4.33333333333 6.33333333333 7.0 7.66666666667 8.66666666667 10.0 9.66666666667 10.0 9.66666666667 8.0 8.0 9.0 8.33333333333 8.0
PPHHPP 0.0 0.0 0.0 0.0 0.0 0.0 0.0 0.0 0.0 0.0 0.0 0.0 0.333333333333 0.333333333333 0.333333333333 0.333333333333 0.333333333333 0.333333333333 0.333333333333 0.333333333333 0.666666666667
PHHPHHH 0.0 0.0 0.0 0.0 0.0 0.0 0.0 0.0 0.0 0.0 0.0 0.0 0.0 0.0 0.333333333333 0.333333333333 0.333333333333 0.666666666667 0.333333333333 0.333333333333 0.333333333333
PPPPHHHHHH 0.0 0.0 0.0 0.0 0.0 0.0 0.0 0.0 0.0 0.0 0.0 0.0 0.0 0.0 0.0 0.0 0.0 0.0 0.0 0.333333333333 0.333333333333
PHPPPHPH 0.0 0.0 0.0 0.0 0.0 0.0 0.0 0.0 0.0 0.0 0.0 0.0 0.0 0.0 0.0 0.0 0.0 0.0 0.0 0.0 0.333333333333
PHHPHHHH 0.0 0.0 0.0 0.0 0.0 0.0 0.0 0.0 0.0 0.0 0.0 0.0 0.0 0.0 0.0 0.0 0.0 0.0 0.333333333333 0.333333333333 0.333333333333
HPPPPPPP 0.0 0.0 0.0 0.0 0.0 0.0 0.0 0.0 0.0 0.0 0.0 0.0 0.0 0.0 0.0 0.0 0.0 0.0 0.0 0.0 0.333333333333
HPHPH 0.0 0.0 0.0 0.0 0.0 0.0 0.0 0.0 0.0 0.0 0.0 0.0 0.333333333333 0.666666666667 1.33333333333 2.0 2.0 1.66666666667 1.66666666667 1.33333333333 2.33333333333
PPPHHHH 0.0 0.0 0.0 0.0 0.0 0.0 0.0 0.0 0.0 0.0 0.0 0.0 0.0 0.0 0.0 0.0 0.0 0.0 0.333333333333 0.0 0.333333333333
HHHPPPH 0.0 0.0 0.0 0.0 0.0 0.0 0.0 0.0 0.0 0.0 0.0 0.0 0.0 0.0 0.0 0.0 0.0 0.666666666667 0.666666666667 0.666666666667 0.666666666667
HPPPHPP 0.0 0.0 0.0 0.0 0.0 0.0 0.0 0.0 0.333333333333 0.333333333333 0.333333333333 0.333333333333 0.333333333333 0.0 0.333333333333 0.333333333333 0.333333333333 0.333333333333 0.333333333333 0.333333333333 0.0
PPPHHP 0.0 0.0 0.0 0.0 0.0 0.0 0.0 0.0 0.0 0.333333333333 0.333333333333 0.0 0.0 0.0 0.0 0.333333333333 0.333333333333 0.666666666667 0.666666666667 0.666666666667 0.333333333333
PPPHHHHHH 0.0 0.0 0.0 0.0 0.0 0.0 0.0 0.0 0.0 0.0 0.0 0.0 0.0 0.0 0.0 0.0 0.0 0.0 0.0 0.333333333333 0.0
PPPPPH 0.0 0.0 0.0 0.0 0.0 0.0 0.0 0.0 0.0 0.0 0.0 0.0 0.0 0.333333333333 0.333333333333 0.333333333333 0.333333333333 0.0 0.0 0.333333333333 1.0
HHPPH 0.0 0.0 0.0 0.0 0.333333333333 0.333333333333 0.666666666667 0.666666666667 0.666666666667 0.666666666667 0.666666666667 0.666666666667 1.33333333333 1.0 1.33333333333 2.0 2.0 1.33333333333 1.33333333333 1.66666666667 2.0
PPPHHH 0.0 0.0 0.0 0.0 0.0 0.0 0.0 0.0 0.0 0.0 0.0 0.0 0.0 0.0 0.0 0.0 0.0 0.0 0.333333333333 0.0 0.333333333333
PPPHHHHHHHHHH 0.0 0.0 0.0 0.0 0.0 0.0 0.0 0.0 0.0 0.0 0.0 0.0 0.0 0.0 0.0 0.0 0.0 0.0 0.0 0.0 0.333333333333
PPHPPP 0.0 0.0 0.0 0.0 0.0 0.0 0.0 0.0 0.0 0.0 0.0 0.333333333333 0.333333333333 0.333333333333 0.666666666667 0.666666666667 0.666666666667 0.666666666667 0.666666666667 1.0 0.666666666667
HPHPPP 0.0 0.0 0.0 0.0 0.0 0.0 0.0 0.0 0.0 0.0 0.0 0.0 0.0 0.0 0.0 0.0 0.666666666667 0.666666666667 0.666666666667 1.0 1.0
HHHHH 0.0 0.0 0.0 0.0 0.0 0.0 0.0 0.0 0.0 0.0 0.0 0.0 0.0 0.0 0.0 0.0 0.0 0.0 0.0 0.666666666667 0.0
PPHPHHH 0.0 0.0 0.0 0.0 0.0 0.0 0.0 0.0 0.0 0.0 0.0 0.0 0.0 0.0 0.0 0.0 0.0 0.0 0.0 0.0 0.333333333333
fHPHPHHP 0.0 0.0 0.0 0.0 0.0 0.0 0.0 0.0 0.0 0.0 0.0 0.0 0.0 0.0 0.0 0.0 0.333333333333 0.333333333333 0.333333333333 0.333333333333 0.333333333333
P 50.0 49.3333333333 50.0 51.0 48.3333333333 46.6666666667 48.0 44.6666666667 45.6666666667 47.6666666667 41.0 38.6666666667 42.0 45.6666666667 42.6666666667 42.0 40.3333333333 43.6666666667 46.6666666667 52.0 49.6666666667
PPHPH 0.0 0.0 0.0 0.0 0.0 0.0 0.0 0.0 0.0 0.0 0.0 0.0 0.0 0.0 0.0 0.333333333333 0.666666666667 0.333333333333 0.666666666667 1.0 1.0
PPHPPH 0.0 0.0 0.0 0.0 0.0 0.0 0.0 0.0 0.0 0.0 0.0 0.0 0.0 0.0 0.0 0.0 0.0 0.333333333333 0.333333333333 0.333333333333 0.666666666667
PPHHHHHP 0.0 0.0 0.0 0.0 0.0 0.0 0.0 0.0 0.0 0.0 0.0 0.0 0.0 0.0 0.0 0.0 0.333333333333 0.333333333333 0.0 0.0 0.0
