HHPPPPP 0.0 0.0 0.0 0.0 0.0 0.0 0.0 0.0 0.0 0.0 0.0 0.0 0.0 0.0 0.0 0.0 0.0 0.0 0.0 0.0 0.471404520791
PPPHPP 0.0 0.0 0.0 0.0 0.0 0.0 0.0 0.0 0.0 0.0 0.0 0.0 0.0 0.0 0.0 0.0 0.0 0.0 0.0 0.471404520791 0.471404520791
HPPPPPP 0.0 0.0 0.0 0.0 0.0 0.0 0.0 0.0 0.0 0.0 0.0 0.0 0.0 0.0 0.471404520791 0.471404520791 0.471404520791 0.471404520791 0.471404520791 0.471404520791 0.471404520791
HHPPHPP 0.0 0.0 0.0 0.0 0.0 0.0 0.0 0.0 0.471404520791 0.471404520791 0.471404520791 0.471404520791 0.471404520791 0.471404520791 0.0 0.0 0.0 0.0 0.0 0.0 0.0
fHPHPPH 0.0 0.0 0.0 0.0 0.0 0.0 0.0 0.0 0.0 0.471404520791 0.471404520791 0.471404520791 0.471404520791 0.471404520791 0.0 0.471404520791 0.471404520791 0.942809041582 1.41421356237 0.816496580928 0.942809041582
HPHPHH 0.0 0.0 0.0 0.0 0.0 0.0 0.0 0.0 0.0 0.0 0.0 0.0 0.0 0.0 0.0 0.0 0.0 0.471404520791 0.0 0.0 0.0
PPPHHPHHHHHHHH 0.0 0.0 0.0 0.0 0.0 0.0 0.0 0.0 0.0 0.0 0.0 0.0 0.0 0.0 0.0 0.0 0.0 0.0 0.0 0.471404520791 0.0
HHPPP 0.0 0.0 0.0 0.0 0.0 0.0 0.0 0.0 0.0 0.471404520791 0.471404520791 0.471404520791 0.471404520791 0.471404520791 0.471404520791 0.942809041582 1.41421356237 2.82842712475 2.05480466766 1.24721912892 0.816496580928
PHPHHH 0.0 0.0 0.0 0.0 0.0 0.0 0.0 0.0 0.0 0.0 0.0 0.0 0.471404520791 0.471404520791 0.471404520791 0.471404520791 0.471404520791 0.471404520791 0.471404520791 0.471404520791 0.471404520791
PHHHPHP 0.0 0.0 0.0 0.0 0.0 0.0 0.0 0.0 0.0 0.0 0.0 0.0 0.0 0.0 0.0 0.0 0.0 0.0 0.0 0.0 0.471404520791
PHHHP 0.0 0.0 0.0 0.0 0.0 0.0 0.0 0.0 0.0 0.0 0.0 0.0 0.471404520791 0.942809041582 0.0 0.471404520791 0.471404520791 0.471404520791 0.816496580928 0.942809041582 1.41421356237
HHHPP 0.0 0.0 0.0 0.0 0.0 0.0 0.0 0.471404520791 0.471404520791 0.471404520791 0.471404520791 0.471404520791 0.471404520791 0.471404520791 0.471404520791 0.816496580928 0.816496580928 0.471404520791 0.816496580928 0.942809041582 0.942809041582
PHPPPHP 0.0 0.0 0.0 0.0 0.0 0.0 0.0 0.0 0.0 0.0 0.0 0.0 0.0 0.0 0.0 0.0 0.0 0.0 0.0 0.471404520791 0.471404520791
PHPHPPH 0.0 0.0 0.0 0.0 0.0 0.0 0.0 0.0 0.0 0.471404520791 0.471404520791 0.471404520791 0.471404520791 0.471404520791 0.471404520791 0.471404520791 0.471404520791 0.471404520791 0.471404520791 0.471404520791 0.471404520791
PHHHPH 0.0 0.0 0.0 0.0 0.0 0.0 0.0 0.0 0.0 0.0 0.0 0.0 0.0 0.0 0.942809041582 0.942809041582 0.942809041582 1.41421356237 1.41421356237 1.41421356237 0.471404520791
PHPHHHH 0.0 0.0 0.0 0.0 0.0 0.0 0.0 0.0 0.0 0.0 0.0 0.0 0.0 0.0 0.0 0.471404520791 0.471404520791 0.471404520791 0.0 0.471404520791 0.0
PPPPPP 0.0 0.0 0.0 0.0 0.0 0.0 0.0 0.0 0.0 0.0 0.0 0.0 0.471404520791 0.471404520791 0.471404520791 0.471404520791 0.471404520791 0.471404520791 0.471404520791 0.0 0.0
PPPHPHHHP 0.0 0.0 0.0 0.0 0.0 0.0 0.0 0.0 0.0 0.0 0.0 0.0 0.0 0.0 0.0 0.0 0.0 0.0 0.0 0.0 0.471404520791
PPPPPHPPH 0.0 0.0 0.0 0.0 0.0 0.0 0.0 0.0 0.0 0.0 0.0 0.0 0.0 0.0 0.0 0.0 0.0 0.0 0.471404520791 0.471404520791 0.471404520791
HPHPHP 0.0 0.0 0.0 0.0 0.0 0.0 0.0 0.0 0.471404520791 0.471404520791 0.471404520791 0.471404520791 0.471404520791 0.471404520791 0.0 0.0 0.0 0.0 0.0 0.471404520791 0.0
HPPPP 0.0 0.0 0.0 0.0 0.0 0.471404520791 0.0 0.0 0.471404520791 0.942809041582 0.942809041582 0.816496580928 0.942809041582 0.471404520791 0.471404520791 0.471404520791 0.471404520791 0.471404520791 0.0 0.471404520791 0.471404520791
PPPPHP 0.0 0.0 0.0 0.0 0.0 0.0 0.0 0.0 0.0 0.0 0.0 0.0 0.0 0.0 0.0 0.471404520791 0.471404520791 0.471404520791 0.471404520791 0.816496580928 0.816496580928
HPPHPPPH 0.0 0.0 0.0 0.0 0.0 0.0 0.0 0.0 0.0 0.0 0.0 0.0 0.0 0.0 0.471404520791 0.0 0.0 0.0 0.0 0.0 0.0
HPPHHP 0.0 0.0 0.0 0.0 0.0 0.0 0.0 0.0 0.0 0.0 0.0 0.0 0.0 0.0 0.0 0.0 0.0 0.471404520791 0.471404520791 0.471404520791 0.471404520791
PHHHPHH 0.0 0.0 0.0 0.0 0.0 0.0 0.0 0.0 0.0 0.0 0.0 0.0 0.0 0.0 0.0 0.0 0.0 0.0 0.0 0.0 0.471404520791
HHHPPP 0.0 0.0 0.0 0.0 0.0 0.0 0.0 0.0 0.0 0.0 0.0 0.0 0.0 0.471404520791 0.471404520791 0.816496580928 0.471404520791 0.471404520791 0.0 0.0 0.0
PHPPHHHHHHHH 0.0 0.0 0.0 0.0 0.0 0.0 0.0 0.0 0.0 0.0 0.0 0.0 0.0 0.0 0.0 0.0 0.0 0.0 0.0 0.0 0.471404520791
PHPHH 0.0 0.0 0.0 0.0 0.0 0.0 0.0 0.0 0.0 0.0 0.0 0.471404520791 0.471404520791 0.816496580928 0.816496580928 0.816496580928 0.471404520791 0.0 0.0 0.942809041582 0.942809041582
HPHHPPH 0.0 0.0 0.0 0.0 0.0 0.0 0.0 0.0 0.0 0.0 0.0 0.0 0.0 0.0 0.0 0.0 0.0 0.471404520791 0.471404520791 0.471404520791 0.471404520791
PHHPPHHH 0.0 0.0 0.0 0.0 0.0 0.0 0.0 0.0 0.0 0.0 0.0 0.0 0.0 0.0 0.0 0.0 0.471404520791 0.471404520791 0.0 0.0 0.0
PPPPPPH 0.0 0.0 0.0 0.0 0.0 0.0 0.0 0.0 0.0 0.0 0.0 0.0 0.0 0.0 0.0 0.0 0.0 0.0 0.0 0.471404520791 0.471404520791
HPPPPH 0.0 0.0 0.0 0.0 0.0 0.0 0.471404520791 0.471404520791 0.471404520791 0.471404520791 0.471404520791 0.942809041582 0.471404520791 0.471404520791 0.471404520791 0.471404520791 0.471404520791 0.471404520791 0.0 0.471404520791 0.471404520791
PHHHPP 0.0 0.0 0.0 0.0 0.0 0.0 0.0 0.0 0.0 0.0 0.0 0.0 0.0 0.0 0.0 0.0 0.0 0.0 0.0 0.471404520791 0.471404520791
PPPPHPP 0.0 0.0 0.0 0.0 0.0 0.0 0.0 0.0 0.0 0.0 0.0 0.0 0.0 0.0 0.0 0.0 0.0 0.0 0.0 0.0 0.471404520791
HPPPPP 0.0 0.0 0.0 0.0 0.0 0.0 0.0 0.0 0.0 0.0 0.0 0.471404520791 0.816496580928 0.816496580928 0.471404520791 0.471404520791 0.471404520791 0.471404520791 0.471404520791 0.471404520791 0.471404520791
HPPP 0.0 0.0 0.471404520791 0.471404520791 0.816496580928 0.471404520791 0.471404520791 0.816496580928 0.471404520791 0.471404520791 0.471404520791 0.471404520791 0.942809041582 0.942809041582 0.471404520791 1.41421356237 1.41421356237 0.471404520791 0.471404520791 0.816496580928 0.471404520791
PHHPH 0.0 0.0 0.0 0.0 0.0 0.471404520791 0.471404520791 0.0 0.0 0.0 0.942809041582 0.942809041582 0.471404520791 0.0 0.471404520791 0.471404520791 0.816496580928 0.471404520791 0.471404520791 0.942809041582 1.24721912892
fHHHPPH 0.0 0.0 0.0 0.0 0.0 0.0 0.0 0.0 0.0 0.0 0.0 0.0 0.0 0.0 0.0 0.0 0.0 0.0 0.0 0.471404520791 0.0
HPPHPP 0.0 0.0 0.0 0.0 0.0 0.0 0.0 0.0 0.0 0.0 0.0 0.0 0.0 0.0 0.0 0.0 0.0 0.0 0.0 0.471404520791 0.471404520791
HPPPHPPPP 0.0 0.0 0.0 0.0 0.0 0.0 0.0 0.0 0.0 0.0 0.0 0.0 0.0 0.0 0.0 0.0 0.0 0.471404520791 0.471404520791 0.471404520791 0.471404520791
HPHHH 0.0 0.0 0.0 0.0 0.0 0.0 0.0 0.0 0.0 0.0 0.0 0.0 0.0 0.0 0.0 0.0 0.0 0.0 0.0 0.0 0.471404520791
fHHPPHH 0.0 0.0 0.0 0.0 0.0 0.0 0.0 0.0 0.0 0.0 0.0 0.0 0.0 0.0 0.0 0.0 0.471404520791 0.471404520791 0.942809041582 0.471404520791 0.942809041582
PHHPP 0.0 0.0 0.0 0.0 0.0 0.0 0.0 0.0 0.0 0.0 0.471404520791 0.0 0.0 0.471404520791 0.471404520791 0.471404520791 0.471404520791 0.0 0.471404520791 0.471404520791 0.471404520791
PHPHHPP 0.0 0.0 0.0 0.0 0.0 0.0 0.0 0.0 0.0 0.0 0.0 0.0 0.0 0.0 0.0 0.0 0.0 0.0 0.471404520791 0.471404520791 0.471404520791
HHH 0.0 0.0 0.471404520791 0.471404520791 0.471404520791 0.816496580928 0.471404520791 0.942809041582 2.16024689947 2.44948974278 0.942809041582 1.41421356237 1.24721912892 2.16024689947 2.62466929134 1.88561808316 1.24721912892 2.82842712475 1.41421356237 3.68178700573 4.49691252108
HPH 0.0 0.0 0.471404520791 0.471404520791 1.6996731712 1.6996731712 1.24721912892 2.49443825785 0.471404520791 0.942809041582 1.6996731712 2.05480466766 2.49443825785 0.471404520791 0.471404520791 4.18993502999 4.10960933531 4.89897948557 2.86744175568 2.49443825785 4.54606056566
PPPPHHHHHHHHHHHHHH 0.0 0.0 0.0 0.0 0.0 0.0 0.0 0.0 0.0 0.0 0.0 0.0 0.0 0.0 0.0 0.0 0.0 0.0 0.0 0.0 0.471404520791
HPPHH 0.0 0.0 0.0 0.0 0.0 0.0 0.0 0.0 0.0 0.0 0.0 0.0 0.0 0.471404520791 0.471404520791 0.0 0.471404520791 0.471404520791 0.0 0.471404520791 0.471404520791
PHHPHP 0.0 0.0 0.0 0.0 0.0 0.0 0.0 0.0 0.0 0.0 0.0 0.0 0.0 0.471404520791 0.471404520791 0.471404520791 0.471404520791 0.471404520791 0.471404520791 0.942809041582 0.942809041582
PHP 0.0 0.0 0.471404520791 1.6996731712 2.05480466766 1.6996731712 2.49443825785 1.6996731712 1.6996731712 1.24721912892 0.816496580928 1.88561808316 2.44948974278 1.24721912892 1.41421356237 1.24721912892 0.816496580928 0.471404520791 0.471404520791 2.62466929134 3.74165738677
PHPHPHH 0.0 0.0 0.0 0.0 0.0 0.0 0.0 0.0 0.0 0.0 0.0 0.0 0.0 0.0 0.0 0.0 0.0 0.471404520791 0.471404520791 0.471404520791 0.471404520791
HPHHHHH 0.0 0.0 0.0 0.0 0.0 0.0 0.0 0.0 0.0 0.0 0.0 0.0 0.0 0.0 0.0 0.0 0.0 0.0 0.471404520791 0.0 0.0
PHPHHHHHH 0.0 0.0 0.0 0.0 0.0 0.0 0.0 0.0 0.0 0.0 0.0 0.0 0.0 0.0 0.0 0.0 0.0 0.0 0.0 0.942809041582 0.0
HHPPPH 0.0 0.0 0.0 0.0 0.0 0.0 0.0 0.0 0.0 0.0 0.0 0.0 0.0 0.471404520791 0.0 0.0 0.0 0.0 0.0 0.0 0.471404520791
PPPHH 0.0 0.0 0.0 0.0 0.0 0.0 0.0 0.0 0.0 0.0 0.0 0.0 0.471404520791 0.471404520791 0.471404520791 0.942809041582 1.24721912892 0.471404520791 0.816496580928 0.816496580928 0.816496580928
PHHPPHHP 0.0 0.0 0.0 0.0 0.0 0.0 0.0 0.0 0.0 0.0 0.0 0.0 0.0 0.0 0.0 0.471404520791 0.471404520791 0.471404520791 0.471404520791 0.471404520791 0.0
PPPPHHHH 0.0 0.0 0.0 0.0 0.0 0.0 0.0 0.0 0.0 0.0 0.0 0.0 0.0 0.0 0.0 0.0 0.0 0.0 0.471404520791 0.471404520791 0.0
PHHPPP 0.0 0.0 0.0 0.0 0.0 0.0 0.0 0.0 0.0 0.0 0.0 0.0 0.0 0.0 0.0 0.0 0.0 0.471404520791 0.471404520791 0.471404520791 0.471404520791
PHPHHHHHP 0.0 0.0 0.0 0.0 0.0 0.0 0.0 0.0 0.0 0.0 0.0 0.0 0.0 0.0 0.0 0.0 0.0 0.0 0.471404520791 0.471404520791 0.471404520791
HHHH 0.0 0.0 0.0 0.0 0.471404520791 0.471404520791 0.471404520791 0.471404520791 0.471404520791 0.471404520791 1.24721912892 1.24721912892 1.24721912892 0.471404520791 0.471404520791 1.24721912892 1.24721912892 0.471404520791 1.6996731712 1.24721912892 2.05480466766
HP 0.0 1.63299316186 2.82842712475 4.08248290464 6.23609564462 4.32049379894 3.26598632371 0.471404520791 2.44948974278 1.88561808316 3.85861230093 3.29983164554 2.44948974278 1.88561808316 3.09120616517 2.49443825785 3.74165738677 5.43650214343 8.33999733546 8.37987005998 6.37704215657
HPHPHHP 0.0 0.0 0.0 0.0 0.0 0.0 0.0 0.0 0.0 0.0 0.0 0.0 0.0 0.0 0.0 0.471404520791 0.0 0.0 0.0 0.0 0.0
HPPPHPH 0.0 0.0 0.0 0.0 0.0 0.0 0.0 0.0 0.0 0.0 0.0 0.0 0.0 0.0 0.0 0.0 0.0 0.0 0.471404520791 0.471404520791 0.471404520791
PPHHP 0.0 0.0 0.0 0.0 0.0 0.0 0.0 0.0 0.0 0.0 0.471404520791 0.471404520791 0.471404520791 0.471404520791 0.471404520791 0.816496580928 0.816496580928 1.6996731712 1.24721912892 1.24721912892 0.816496580928
HPHHP 0.0 0.0 0.0 0.0 0.0 0.0 0.0 0.0 0.471404520791 0.471404520791 0.471404520791 0.471404520791 0.471404520791 0.471404520791 0.471404520791 0.816496580928 0.471404520791 0.471404520791 0.942809041582 1.41421356237 1.41421356237
PPPPP 0.0 0.0 0.0 0.0 0.0 0.0 0.0 0.0 0.0 0.0 0.0 0.471404520791 0.471404520791 0.471404520791 0.471404520791 0.0 0.0 0.471404520791 0.471404520791 0.942809041582 1.24721912892
HPHPPH 0.0 0.0 0.0 0.0 0.0 0.0 0.0 0.0 0.0 0.0 0.0 0.0 0.0 0.0 0.471404520791 0.0 0.471404520791 0.0 0.471404520791 0.471404520791 0.471404520791
fHHHH 0.0 0.0 0.0 0.0 0.471404520791 0.471404520791 0.471404520791 0.816496580928 0.471404520791 0.471404520791 0.471404520791 0.471404520791 0.471404520791 0.816496580928 0.471404520791 1.63299316186 1.24721912892 0.942809041582 4.0276819912 6.34209919681 2.16024689947
PPPPH 0.0 0.0 0.0 0.0 0.0 0.471404520791 0.471404520791 0.471404520791 0.0 0.0 0.0 0.0 0.471404520791 0.471404520791 0.471404520791 0.0 1.24721912892 0.942809041582 1.24721912892 1.24721912892 0.942809041582
fHPHH 0.0 0.0 0.0 0.0 0.471404520791 0.471404520791 0.471404520791 0.471404520791 0.942809041582 1.88561808316 1.41421356237 1.6996731712 1.41421356237 2.49443825785 3.55902608401 2.05480466766 2.49443825785 0.0 1.6996731712 2.16024689947 1.41421356237
PPPHPHHH 0.0 0.0 0.0 0.0 0.0 0.0 0.0 0.0 0.0 0.0 0.0 0.0 0.0 0.0 0.0 0.0 0.0 0.0 0.471404520791 0.471404520791 0.0
HHP 0.0 0.0 0.471404520791 0.942809041582 1.6996731712 0.471404520791 0.471404520791 1.24721912892 1.41421356237 1.88561808316 3.26598632371 4.0276819912 3.29983164554 2.94392028878 3.77123616633 3.09120616517 2.44948974278 2.82842712475 2.82842712475 3.09120616517 2.86744175568
PPHHHHHHH 0.0 0.0 0.0 0.0 0.0 0.0 0.0 0.0 0.0 0.0 0.0 0.0 0.0 0.0 0.0 0.0 0.0 0.0 0.0 0.942809041582 0.0
PPPHHPHHHHH 0.0 0.0 0.0 0.0 0.0 0.0 0.0 0.0 0.0 0.0 0.0 0.0 0.0 0.0 0.0 0.0 0.0 0.0 0.471404520791 0.0 0.471404520791
PHHP 0.0 0.0 0.0 0.0 0.0 0.0 0.0 0.471404520791 0.942809041582 1.41421356237 0.816496580928 0.942809041582 0.816496580928 0.0 1.24721912892 0.816496580928 1.41421356237 2.94392028878 3.55902608401 2.62466929134 2.82842712475
fHPPHPPPHHHHHHH 0.0 0.0 0.0 0.0 0.0 0.0 0.0 0.0 0.0 0.0 0.0 0.0 0.0 0.0 0.0 0.0 0.0 0.0 0.0 0.471404520791 0.471404520791
PHPPHP 0.0 0.0 0.0 0.0 0.0 0.0 0.0 0.0 0.0 0.0 0.0 0.0 0.0 0.0 0.0 0.0 0.0 0.471404520791 0.471404520791 0.0 0.471404520791
PHPHHHP 0.0 0.0 0.0 0.0 0.0 0.0 0.0 0.0 0.0 0.0 0.0 0.0 0.0 0.0 0.0 0.0 0.0 0.0 0.471404520791 0.942809041582 0.942809041582
PHPHPHHHH 0.0 0.0 0.0 0.0 0.0 0.0 0.0 0.0 0.0 0.0 0.0 0.0 0.0 0.0 0.0 0.0 0.0 0.0 0.0 0.0 0.471404520791
PPPHHHHHHHH 0.0 0.0 0.0 0.0 0.0 0.0 0.0 0.0 0.0 0.0 0.0 0.0 0.0 0.0 0.0 0.0 0.0 0.0 0.0 0.471404520791 0.0
HPPPHP 0.0 0.0 0.0 0.0 0.0 0.0 0.471404520791 0.471404520791 0.0 0.0 0.0 0.0 0.471404520791 0.471404520791 0.0 0.0 0.0 0.471404520791 0.0 0.0 0.0
PH 0.0 1.24721912892 2.35702260396 1.24721912892 1.6996731712 1.24721912892 1.24721912892 0.471404520791 2.62466929134 3.3993463424 3.74165738677 4.96655480858 5.1854497287 4.71404520791 1.6996731712 3.29983164554 6.16441400297 4.18993502999 3.77123616633 4.96655480858 2.94392028878
HPHP 0.0 0.0 0.0 0.471404520791 0.471404520791 0.0 0.942809041582 0.816496580928 0.471404520791 0.471404520791 0.942809041582 0.942809041582 0.471404520791 1.24721912892 1.24721912892 0.942809041582 1.24721912892 1.88561808316 1.88561808316 2.49443825785 2.05480466766
PHPPH 0.0 0.0 0.0 0.0 0.0 0.0 0.0 0.0 0.0 0.0 0.0 0.0 0.471404520791 0.0 0.471404520791 0.471404520791 0.471404520791 0.471404520791 0.0 0.471404520791 0.816496580928
PHPP 0.0 0.0 0.0 0.0 0.471404520791 0.471404520791 0.471404520791 0.471404520791 0.471404520791 1.24721912892 1.6996731712 1.41421356237 0.471404520791 0.942809041582 0.942809041582 1.41421356237 1.41421356237 0.471404520791 1.63299316186 1.24721912892 0.942809041582
PPP 0.0 0.0 0.471404520791 0.816496580928 1.24721912892 1.63299316186 2.16024689947 2.44948974278 2.44948974278 0.471404520791 1.24721912892 1.41421356237 2.86744175568 3.29983164554 3.55902608401 4.24264068712 4.9888765157 4.49691252108 5.55777733351 4.0276819912 3.55902608401
HPPHP 0.0 0.0 0.0 0.0 0.0 0.0 0.0 0.0 0.0 0.0 0.0 0.471404520791 0.0 0.471404520791 0.471404520791 0.471404520791 0.471404520791 0.471404520791 0.471404520791 0.471404520791 0.471404520791
PP 0.0 0.471404520791 0.471404520791 1.6996731712 3.85861230093 5.43650214343 6.16441400297 4.49691252108 4.7842333648 4.92160768674 4.92160768674 4.92160768674 2.82842712475 2.62466929134 1.6996731712 3.29983164554 0.942809041582 2.94392028878 2.49443825785 0.816496580928 1.88561808316
HPHHPPP 0.0 0.0 0.0 0.0 0.0 0.0 0.0 0.0 0.0 0.0 0.0 0.0 0.0 0.0 0.0 0.0 0.0 0.0 0.0 0.0 0.471404520791
PHPHP 0.0 0.0 0.0 0.0 0.0 0.0 0.0 0.471404520791 0.471404520791 0.471404520791 0.471404520791 0.471404520791 0.471404520791 0.471404520791 0.816496580928 0.942809041582 0.471404520791 0.942809041582 0.471404520791 0.942809041582 0.471404520791
HPPPHHPP 0.0 0.0 0.0 0.0 0.0 0.0 0.0 0.0 0.0 0.0 0.0 0.0 0.0 0.0 0.0 0.0 0.0 0.471404520791 0.471404520791 0.471404520791 0.471404520791
PHPHPH 0.0 0.0 0.0 0.0 0.0 0.0 0.0 0.0 0.0 0.0 0.0 0.0 0.0 0.0 0.0 0.471404520791 0.471404520791 0.0 0.0 0.471404520791 0.0
PHPHHP 0.0 0.0 0.0 0.0 0.0 0.0 0.0 0.0 0.0 0.0 0.0 0.0 0.0 0.0 0.0 0.0 0.0 0.471404520791 0.471404520791 0.0 0.0
PHPPHH 0.0 0.0 0.0 0.0 0.0 0.0 0.0 0.0 0.0 0.0 0.0 0.0 0.0 0.0 0.0 0.0 0.0 0.471404520791 0.471404520791 0.471404520791 0.471404520791
PHHH 0.0 0.0 0.0 0.0 0.0 0.471404520791 0.471404520791 0.471404520791 0.816496580928 0.942809041582 0.942809041582 0.942809041582 0.816496580928 1.41421356237 1.41421356237 1.63299316186 1.24721912892 0.816496580928 0.471404520791 1.24721912892 2.16024689947
fHPHPHPHH 0.0 0.0 0.0 0.0 0.0 0.0 0.0 0.0 0.0 0.0 0.0 0.0 0.0 0.0 0.0 0.0 0.0 0.0 0.471404520791 0.471404520791 0.471404520791
PPPH 0.0 0.0 0.0 0.0 0.0 0.0 0.471404520791 0.471404520791 0.471404520791 0.942809041582 0.942809041582 2.49443825785 2.05480466766 2.16024689947 1.6996731712 2.49443825785 2.35702260396 1.24721912892 1.24721912892 1.6996731712 2.16024689947
HHHPPPPH 0.0 0.0 0.0 0.0 0.0 0.0 0.0 0.0 0.0 0.0 0.0 0.0 0.0 0.0 0.0 0.0 0.0 0.0 0.471404520791 0.471404520791 0.471404520791
PHHPPHHPH 0.0 0.0 0.0 0.0 0.0 0.0 0.0 0.0 0.0 0.0 0.0 0.0 0.0 0.0 0.0 0.0 0.0 0.0 0.0 0.0 0.471404520791
HH 0.0 1.24721912892 1.41421356237 0.942809041582 3.29983164554 2.86744175568 2.49443825785 4.08248290464 3.74165738677 4.54606056566 4.10960933531 2.16024689947 3.74165738677 4.10960933531 4.32049379894 6.18241233033 4.10960933531 3.26598632371 7.93025150225 8.04155872121 8.73053390247
PHPPHHHHH 0.0 0.0 0.0 0.0 0.0 0.0 0.0 0.0 0.0 0.0 0.0 0.0 0.0 0.0 0.0 0.0 0.0 0.0 0.0 0.471404520791 0.0
HHPP 0.0 0.0 0.0 0.0 0.0 0.816496580928 0.816496580928 0.816496580928 1.24721912892 0.816496580928 0.942809041582 1.24721912892 1.41421356237 1.41421356237 0.816496580928 0.816496580928 0.942809041582 1.24721912892 1.24721912892 0.471404520791 1.24721912892
PHPPP 0.0 0.0 0.0 0.0 0.0 0.471404520791 0.471404520791 0.471404520791 0.471404520791 0.0 0.0 0.0 0.0 0.471404520791 0.471404520791 0.816496580928 0.816496580928 0.816496580928 0.471404520791 0.471404520791 0.471404520791
HPHHPP 0.0 0.0 0.0 0.0 0.0 0.0 0.0 0.0 0.0 0.0 0.0 0.0 0.0 0.0 0.471404520791 0.471404520791 0.471404520791 0.942809041582 0.471404520791 0.471404520791 0.0
PHHPPPP 0.0 0.0 0.0 0.0 0.0 0.0 0.0 0.0 0.0 0.0 0.0 0.0 0.0 0.0 0.0 0.0 0.0 0.0 0.0 0.471404520791 0.471404520791
PHHPPHHHHHHHHH 0.0 0.0 0.0 0.0 0.0 0.0 0.0 0.0 0.0 0.0 0.0 0.0 0.0 0.0 0.0 0.0 0.0 0.0 0.0 0.471404520791 0.0
PHPPPP 0.0 0.0 0.0 0.0 0.0 0.0 0.0 0.0 0.471404520791 0.942809041582 0.942809041582 0.471404520791 0.471404520791 0.471404520791 0.471404520791 0.471404520791 0.471404520791 0.471404520791 0.0 0.0 0.471404520791
PPHHPPP 0.0 0.0 0.0 0.0 0.0 0.0 0.0 0.0 0.0 0.0 0.0 0.0 0.0 0.0 0.471404520791 0.471404520791 0.471404520791 0.471404520791 0.471404520791 0.471404520791 0.0
PPHH 0.0 0.0 0.0 0.0 0.0 0.0 0.471404520791 0.471404520791 0.942809041582 0.471404520791 1.24721912892 0.942809041582 0.942809041582 1.24721912892 0.942809041582 2.05480466766 1.63299316186 0.816496580928 2.05480466766 2.16024689947 2.35702260396
PHHPHPH 0.0 0.0 0.0 0.0 0.0 0.0 0.0 0.0 0.0 0.0 0.0 0.0 0.0 0.0 0.0 0.0 0.0 0.0 0.471404520791 0.0 0.471404520791
HPHPHHHHP 0.0 0.0 0.0 0.0 0.0 0.0 0.0 0.0 0.0 0.0 0.0 0.0 0.0 0.0 0.0 0.0 0.0 0.0 0.0 0.0 0.471404520791
HPPHPPP 0.0 0.0 0.0 0.0 0.0 0.0 0.0 0.0 0.0 0.0 0.0 0.0 0.471404520791 0.471404520791 0.0 0.0 0.0 0.0 0.0 0.0 0.471404520791
HHPPHP 0.0 0.0 0.0 0.0 0.0 0.0 0.0 0.0 0.0 0.0 0.0 0.0 0.0 0.0 0.0 0.0 0.0 0.816496580928 0.816496580928 0.816496580928 0.471404520791
PHHPPHH 0.0 0.0 0.0 0.0 0.0 0.0 0.0 0.0 0.0 0.0 0.0 0.0 0.0 0.0 0.471404520791 0.471404520791 0.0 0.0 0.0 0.0 0.0
PPPHPH 0.0 0.0 0.0 0.0 0.0 0.0 0.0 0.0 0.0 0.0 0.0 0.0 0.0 0.816496580928 1.24721912892 1.24721912892 0.0 0.0 0.0 0.0 0.0
HHHPPH 0.0 0.0 0.0 0.0 0.0 0.0 0.0 0.0 0.0 0.0 0.0 0.0 0.0 0.0 0.0 0.0 0.0 0.0 0.471404520791 0.0 0.471404520791
PPHP 0.0 0.0 0.0 0.0 0.471404520791 0.471404520791 0.471404520791 0.471404520791 0.942809041582 0.942809041582 0.942809041582 1.6996731712 2.05480466766 2.05480466766 1.88561808316 0.471404520791 1.24721912892 1.41421356237 2.16024689947 3.3993463424 3.29983164554
PPHHHHHHHP 0.0 0.0 0.0 0.0 0.0 0.0 0.0 0.0 0.0 0.0 0.0 0.0 0.0 0.0 0.0 0.0 0.0 0.0 0.0 0.0 0.471404520791
PHHPPHHHH 0.0 0.0 0.0 0.0 0.0 0.0 0.0 0.0 0.0 0.0 0.0 0.0 0.0 0.0 0.0 0.0 0.0 0.0 0.471404520791 0.0 0.0
HPHHPH 0.0 0.0 0.0 0.0 0.0 0.0 0.0 0.0 0.0 0.0 0.0 0.0 0.0 0.0 0.0 0.0 0.0 0.471404520791 0.471404520791 0.471404520791 0.471404520791
HPPPPHPPP 0.0 0.0 0.0 0.0 0.0 0.0 0.0 0.0 0.0 0.0 0.0 0.0 0.0 0.0 0.0 0.0 0.0 0.0 0.0 0.0 0.471404520791
HHHPPPP 0.0 0.0 0.0 0.0 0.0 0.0 0.0 0.0 0.0 0.0 0.0 0.0 0.0 0.0 0.0 0.0 0.0 0.471404520791 0.0 0.0 0.0
PPHHPPPH 0.0 0.0 0.0 0.0 0.0 0.0 0.0 0.0 0.0 0.0 0.0 0.0 0.0 0.0 0.0 0.0 0.0 0.0 0.0 0.0 0.471404520791
PPPHP 0.0 0.0 0.471404520791 0.471404520791 0.471404520791 0.471404520791 0.471404520791 0.471404520791 0.471404520791 0.471404520791 0.471404520791 0.471404520791 1.24721912892 0.471404520791 0.942809041582 0.942809041582 0.942809041582 0.816496580928 0.816496580928 0.471404520791 0.942809041582
HHPHP 0.0 0.0 0.0 0.0 0.0 0.0 0.0 0.0 0.0 0.0 0.0 0.0 0.0 0.471404520791 0.816496580928 0.816496580928 0.471404520791 0.471404520791 0.816496580928 0.816496580928 0.0
PHHPHHHHH 0.0 0.0 0.0 0.0 0.0 0.0 0.0 0.0 0.0 0.0 0.0 0.0 0.0 0.0 0.0 0.0 0.0 0.0 0.471404520791 0.0 0.0
PHH 0.0 0.0 0.471404520791 0.471404520791 1.24721912892 1.63299316186 1.24721912892 1.6996731712 0.816496580928 0.0 2.62466929134 1.41421356237 1.6996731712 2.05480466766 2.86744175568 4.24264068712 1.24721912892 2.16024689947 5.55777733351 5.71547606649 5.55777733351
PPHHHH 0.0 0.0 0.0 0.0 0.0 0.0 0.471404520791 0.471404520791 0.471404520791 0.471404520791 0.0 0.0 0.0 0.0 0.471404520791 0.471404520791 0.471404520791 0.942809041582 0.0 0.942809041582 0.816496580928
PPPHHPH 0.0 0.0 0.0 0.0 0.0 0.0 0.0 0.0 0.0 0.0 0.0 0.471404520791 0.471404520791 0.471404520791 0.0 0.0 0.0 0.0 0.0 0.0 0.471404520791
fHHPPHPPH 0.0 0.0 0.0 0.0 0.0 0.0 0.0 0.0 0.0 0.0 0.0 0.0 0.0 0.0 0.471404520791 0.471404520791 0.471404520791 0.471404520791 0.471404520791 0.471404520791 0.471404520791
HPPPHHP 0.0 0.0 0.0 0.0 0.0 0.0 0.0 0.0 0.0 0.471404520791 0.471404520791 0.471404520791 0.471404520791 0.471404520791 0.471404520791 0.471404520791 0.471404520791 0.0 0.0 0.0 0.0
HHHP 0.0 0.0 0.0 0.0 0.0 0.471404520791 0.471404520791 0.471404520791 0.471404520791 0.816496580928 1.24721912892 0.816496580928 0.942809041582 1.41421356237 0.471404520791 0.471404520791 1.24721912892 0.471404520791 0.942809041582 0.942809041582 1.41421356237
PPHPHH 0.0 0.0 0.0 0.0 0.0 0.0 0.0 0.0 0.0 0.0 0.0 0.0 0.0 0.0 0.0 0.0 0.0 0.471404520791 0.942809041582 0.471404520791 0.0
HHPPHH 0.0 0.0 0.0 0.0 0.0 0.0 0.0 0.0 0.0 0.0 0.0 0.0 0.0 0.0 0.0 0.0 0.0 0.0 0.0 0.471404520791 0.0
PHHPPH 0.0 0.0 0.0 0.0 0.0 0.0 0.0 0.0 0.0 0.0 0.0 0.471404520791 0.471404520791 0.471404520791 0.471404520791 0.0 0.0 0.0 0.0 0.0 0.0
HPP 0.0 0.0 0.0 0.0 0.471404520791 0.471404520791 0.0 1.24721912892 1.24721912892 1.6996731712 1.24721912892 0.942809041582 1.24721912892 1.41421356237 0.471404520791 0.471404520791 0.471404520791 0.816496580928 2.49443825785 3.26598632371 3.68178700573
PHHPHH 0.0 0.0 0.0 0.0 0.0 0.0 0.0 0.471404520791 0.471404520791 0.471404520791 0.471404520791 0.471404520791 0.471404520791 0.816496580928 0.471404520791 0.471404520791 0.471404520791 0.942809041582 0.0 0.0 0.0
PPHHHHHHHHH 0.0 0.0 0.0 0.0 0.0 0.0 0.0 0.0 0.0 0.0 0.0 0.0 0.0 0.0 0.0 0.0 0.0 0.0 0.0 0.471404520791 0.0
HPPPPHP 0.0 0.0 0.0 0.0 0.0 0.0 0.0 0.0 0.0 0.0 0.0 0.0 0.471404520791 0.471404520791 0.471404520791 0.471404520791 0.471404520791 0.471404520791 0.942809041582 0.471404520791 0.471404520791
fHPHPHH 0.0 0.0 0.0 0.0 0.0 0.0 0.0 0.0 0.0 0.0 0.0 0.0 0.0 0.0 0.0 0.0 0.0 0.0 0.471404520791 0.942809041582 0.471404520791
fPHHPHPH 0.0 0.0 0.0 0.0 0.0 0.0 0.0 0.0 0.0 0.0 0.0 0.0 0.0 0.0 0.0 0.471404520791 0.471404520791 0.471404520791 0.0 0.471404520791 0.0
HHPH 0.0 0.0 0.0 0.0 0.0 0.471404520791 0.0 0.471404520791 0.471404520791 0.471404520791 0.0 0.471404520791 0.942809041582 1.24721912892 0.942809041582 0.816496580928 1.88561808316 1.63299316186 0.942809041582 0.816496580928 0.816496580928
HPHH 0.0 0.0 0.0 0.0 0.0 0.0 0.0 0.471404520791 0.0 0.0 0.471404520791 0.471404520791 0.816496580928 0.471404520791 1.6996731712 0.471404520791 0.471404520791 1.63299316186 1.6996731712 0.816496580928 1.6996731712
PPHPPPP 0.0 0.0 0.0 0.0 0.0 0.0 0.0 0.0 0.0 0.0 0.0 0.0 0.0 0.0 0.0 0.0 0.0 0.0 0.0 0.0 0.471404520791
PHPPHHP 0.0 0.0 0.0 0.0 0.0 0.0 0.0 0.0 0.0 0.0 0.0 0.0 0.0 0.0 0.0 0.0 0.0 0.0 0.0 0.471404520791 0.471404520791
PHHHH 0.0 0.0 0.0 0.0 0.0 0.0 0.0 0.0 0.0 0.0 0.0 0.0 0.0 0.0 0.0 0.0 0.0 0.0 0.0 0.0 0.471404520791
PPPPPHP 0.0 0.0 0.0 0.0 0.0 0.0 0.0 0.0 0.0 0.0 0.0 0.0 0.0 0.0 0.0 0.0 0.0 0.471404520791 0.0 0.0 0.0
HPHHPPHP 0.0 0.0 0.0 0.0 0.0 0.0 0.0 0.0 0.0 0.0 0.0 0.0 0.0 0.0 0.0 0.0 0.0 0.0 0.0 0.471404520791 0.0
HHPHPP 0.0 0.0 0.0 0.0 0.0 0.0 0.0 0.0 0.0 0.0 0.0 0.0 0.0 0.0 0.0 0.0 0.471404520791 0.471404520791 0.471404520791 0.471404520791 0.816496580928
HPPHPPPHH 0.0 0.0 0.0 0.0 0.0 0.0 0.0 0.0 0.0 0.0 0.0 0.0 0.0 0.0 0.0 0.471404520791 0.471404520791 0.471404520791 0.0 0.0 0.0
PPHHHHH 0.0 0.0 0.0 0.0 0.0 0.0 0.0 0.0 0.0 0.0 0.0 0.0 0.0 0.0 0.0 0.471404520791 0.471404520791 0.471404520791 1.24721912892 0.471404520791 0.471404520791
HPHPHPH 0.0 0.0 0.0 0.0 0.0 0.0 0.0 0.0 0.0 0.0 0.0 0.0 0.0 0.0 0.471404520791 0.471404520791 0.471404520791 0.471404520791 0.0 0.471404520791 0.471404520791
HPHPP 0.0 0.0 0.0 0.0 0.0 0.0 0.0 0.0 0.471404520791 0.0 0.471404520791 0.471404520791 0.471404520791 0.942809041582 0.816496580928 1.6996731712 0.942809041582 0.471404520791 0.471404520791 0.816496580928 0.816496580928
HPPHPPPHHHH 0.0 0.0 0.0 0.0 0.0 0.0 0.0 0.0 0.0 0.0 0.0 0.0 0.0 0.0 0.0 0.0 0.0 0.0 0.471404520791 0.0 0.0
H 0.0 6.59966329107 8.49836585599 7.48331477355 6.16441400297 3.85861230093 3.26598632371 3.29983164554 11.7284080572 8.73053390247 4.92160768674 1.41421356237 4.08248290464 5.43650214343 6.12825877028 5.88784057755 6.59966329107 8.52447456836 5.55777733351 4.08248290464 5.09901951359
HPPH 0.0 0.0 0.0 0.0 0.0 0.0 0.0 0.0 0.0 0.0 0.471404520791 0.471404520791 0.471404520791 0.942809041582 0.471404520791 0.816496580928 0.942809041582 0.471404520791 0.816496580928 0.942809041582 1.6996731712
PPHHHHHH 0.0 0.0 0.0 0.0 0.0 0.0 0.0 0.0 0.0 0.0 0.0 0.0 0.0 0.0 0.0 0.0 0.0 0.0 0.0 0.0 0.471404520791
PPPHPHH 0.0 0.0 0.0 0.0 0.0 0.0 0.0 0.0 0.0 0.0 0.0 0.0 0.0 0.0 0.0 0.0 0.942809041582 0.942809041582 0.942809041582 0.942809041582 0.942809041582
fHPPH 0.0 0.0 0.0 0.0 0.0 0.0 0.0 0.0 0.0 0.0 0.942809041582 0.816496580928 0.0 0.471404520791 0.471404520791 0.816496580928 0.942809041582 0.942809041582 1.24721912892 0.816496580928 0.471404520791
PHPPPPP 0.0 0.0 0.0 0.0 0.0 0.0 0.0 0.0 0.0 0.0 0.0 0.0 0.0 0.0 0.0 0.0 0.0 0.0 0.0 0.0 0.471404520791
PHPPPPH 0.0 0.0 0.0 0.0 0.0 0.0 0.0 0.0 0.0 0.0 0.0 0.0 0.0 0.0 0.0 0.0 0.471404520791 0.471404520791 0.471404520791 0.471404520791 0.471404520791
HPPPPHPP 0.0 0.0 0.0 0.0 0.0 0.0 0.0 0.0 0.0 0.0 0.0 0.0 0.0 0.0 0.0 0.0 0.471404520791 0.471404520791 0.471404520791 0.471404520791 0.471404520791
PPHHH 0.0 0.0 0.0 0.471404520791 0.471404520791 0.471404520791 0.0 0.0 0.0 0.0 0.471404520791 0.471404520791 0.471404520791 0.471404520791 0.816496580928 1.24721912892 0.942809041582 1.24721912892 1.41421356237 0.471404520791 0.471404520791
PPHPP 0.0 0.0 0.0 0.0 0.0 0.0 0.0 0.0 0.471404520791 0.471404520791 0.816496580928 0.942809041582 1.41421356237 1.24721912892 1.24721912892 1.41421356237 1.41421356237 1.63299316186 2.05480466766 1.63299316186 0.816496580928
PPPHHHHHHHHH 0.0 0.0 0.0 0.0 0.0 0.0 0.0 0.0 0.0 0.0 0.0 0.0 0.0 0.0 0.0 0.0 0.0 0.0 0.0 0.0 0.471404520791
HHPPPP 0.0 0.0 0.0 0.0 0.0 0.0 0.0 0.0 0.0 0.0 0.0 0.0 0.0 0.0 0.0 0.471404520791 0.471404520791 0.471404520791 1.24721912892 0.816496580928 0.942809041582
PPPP 0.0 0.0 0.0 0.0 0.471404520791 0.942809041582 0.942809041582 0.942809041582 0.816496580928 0.471404520791 0.942809041582 0.471404520791 1.24721912892 2.16024689947 1.6996731712 0.816496580928 1.63299316186 1.63299316186 0.816496580928 0.471404520791 1.24721912892
PPPHHPHH 0.0 0.0 0.0 0.0 0.0 0.0 0.0 0.0 0.0 0.0 0.0 0.0 0.0 0.0 0.471404520791 0.471404520791 0.471404520791 0.471404520791 0.0 0.0 0.0
HPPPH 0.0 0.0 0.0 0.0 0.471404520791 0.471404520791 0.471404520791 0.0 0.0 0.0 0.0 0.471404520791 0.471404520791 0.471404520791 0.471404520791 0.816496580928 0.471404520791 0.942809041582 1.24721912892 0.816496580928 0.471404520791
PPHPHHP 0.0 0.0 0.0 0.0 0.0 0.0 0.0 0.0 0.0 0.0 0.0 0.0 0.0 0.0 0.0 0.0 0.0 0.0 0.0 0.471404520791 0.471404520791
HHPPPPPP 0.0 0.0 0.0 0.0 0.0 0.0 0.0 0.0 0.0 0.0 0.0 0.0 0.0 0.0 0.0 0.0 0.0 0.0 0.0 0.471404520791 0.471404520791
HHPHH 0.0 0.0 0.0 0.0 0.0 0.0 0.0 0.0 0.0 0.0 0.0 0.0 0.0 0.471404520791 0.0 0.0 0.942809041582 0.0 0.0 0.0 0.0
PPPPHH 0.0 0.0 0.0 0.0 0.0 0.0 0.0 0.0 0.471404520791 0.471404520791 0.471404520791 0.471404520791 0.471404520791 0.471404520791 0.471404520791 0.471404520791 0.471404520791 0.471404520791 0.816496580928 1.6996731712 1.6996731712
PHPH 0.0 0.0 0.0 0.0 0.471404520791 0.471404520791 0.471404520791 0.0 0.471404520791 1.24721912892 0.942809041582 0.816496580928 1.41421356237 0.942809041582 1.6996731712 2.82842712475 1.88561808316 0.942809041582 1.63299316186 2.82842712475 3.29983164554
PHPHPP 0.0 0.0 0.0 0.0 0.0 0.0 0.0 0.0 0.471404520791 0.0 0.0 0.0 0.0 0.0 0.0 0.0 0.0 0.0 0.471404520791 0.942809041582 0.471404520791
PPHHHHPP 0.0 0.0 0.0 0.0 0.0 0.0 0.0 0.0 0.0 0.0 0.471404520791 0.471404520791 0.471404520791 0.471404520791 0.471404520791 0.471404520791 0.471404520791 0.471404520791 0.471404520791 0.471404520791 0.471404520791
PHHHHP 0.0 0.0 0.0 0.0 0.0 0.0 0.0 0.0 0.0 0.471404520791 0.471404520791 0.471404520791 0.471404520791 0.471404520791 0.471404520791 0.471404520791 0.471404520791 0.471404520791 0.471404520791 0.471404520791 0.471404520791
HPPPHPPP 0.0 0.0 0.0 0.0 0.0 0.0 0.0 0.0 0.0 0.0 0.0 0.0 0.0 0.471404520791 0.471404520791 0.471404520791 0.471404520791 0.0 0.0 0.0 0.471404520791
fHHPH 0.0 0.0 0.0 0.0 0.0 0.0 0.471404520791 0.471404520791 0.471404520791 0.471404520791 1.24721912892 0.942809041582 0.0 1.41421356237 1.88561808316 2.05480466766 0.816496580928 2.05480466766 0.816496580928 1.6996731712 1.63299316186
HPPPHH 0.0 0.0 0.0 0.0 0.0 0.0 0.0 0.471404520791 0.471404520791 0.0 0.0 0.0 0.0 0.0 0.0 0.0 0.0 0.471404520791 0.471404520791 0.471404520791 0.471404520791
PHPPPH 0.0 0.0 0.0 0.0 0.0 0.0 0.0 0.0 0.0 0.0 0.0 0.0 0.0 0.471404520791 0.471404520791 0.471404520791 0.471404520791 0.471404520791 0.471404520791 0.471404520791 0.471404520791
HHPPPPHH 0.0 0.0 0.0 0.0 0.0 0.0 0.0 0.0 0.0 0.0 0.0 0.0 0.0 0.0 0.0 0.0 0.0 0.0 0.0 0.471404520791 0.471404520791
PPH 0.0 0.471404520791 0.942809041582 0.942809041582 0.816496580928 0.471404520791 2.05480466766 2.05480466766 2.62466929134 2.94392028878 1.6996731712 1.24721912892 2.16024689947 1.6996731712 1.41421356237 0.942809041582 1.63299316186 2.16024689947 2.94392028878 2.05480466766 1.41421356237
PPHHPP 0.0 0.0 0.0 0.0 0.0 0.0 0.0 0.0 0.0 0.0 0.0 0.0 0.471404520791 0.471404520791 0.471404520791 0.471404520791 0.471404520791 0.471404520791 0.471404520791 0.471404520791 0.942809041582
PHHPHHH 0.0 0.0 0.0 0.0 0.0 0.0 0.0 0.0 0.0 0.0 0.0 0.0 0.0 0.0 0.471404520791 0.471404520791 0.471404520791 0.942809041582 0.471404520791 0.471404520791 0.471404520791
PPPPHHHHHH 0.0 0.0 0.0 0.0 0.0 0.0 0.0 0.0 0.0 0.0 0.0 0.0 0.0 0.0 0.0 0.0 0.0 0.0 0.0 0.471404520791 0.471404520791
PHPPPHPH 0.0 0.0 0.0 0.0 0.0 0.0 0.0 0.0 0.0 0.0 0.0 0.0 0.0 0.0 0.0 0.0 0.0 0.0 0.0 0.0 0.471404520791
PHHPHHHH 0.0 0.0 0.0 0.0 0.0 0.0 0.0 0.0 0.0 0.0 0.0 0.0 0.0 0.0 0.0 0.0 0.0 0.0 0.471404520791 0.471404520791 0.471404520791
HPPPPPPP 0.0 0.0 0.0 0.0 0.0 0.0 0.0 0.0 0.0 0.0 0.0 0.0 0.0 0.0 0.0 0.0 0.0 0.0 0.0 0.0 0.471404520791
HPHPH 0.0 0.0 0.0 0.0 0.0 0.0 0.0 0.0 0.0 0.0 0.0 0.0 0.471404520791 0.942809041582 0.942809041582 1.41421356237 1.41421356237 1.24721912892 1.24721912892 0.942809041582 1.24721912892
PPPHHHH 0.0 0.0 0.0 0.0 0.0 0.0 0.0 0.0 0.0 0.0 0.0 0.0 0.0 0.0 0.0 0.0 0.0 0.0 0.471404520791 0.0 0.471404520791
HHHPPPH 0.0 0.0 0.0 0.0 0.0 0.0 0.0 0.0 0.0 0.0 0.0 0.0 0.0 0.0 0.0 0.0 0.0 0.471404520791 0.471404520791 0.471404520791 0.471404520791
HPPPHPP 0.0 0.0 0.0 0.0 0.0 0.0 0.0 0.0 0.471404520791 0.471404520791 0.471404520791 0.471404520791 0.471404520791 0.0 0.471404520791 0.471404520791 0.471404520791 0.471404520791 0.471404520791 0.471404520791 0.0
PPPHHP 0.0 0.0 0.0 0.0 0.0 0.0 0.0 0.0 0.0 0.471404520791 0.471404520791 0.0 0.0 0.0 0.0 0.471404520791 0.471404520791 0.471404520791 0.471404520791 0.471404520791 0.471404520791
PPPHHHHHH 0.0 0.0 0.0 0.0 0.0 0.0 0.0 0.0 0.0 0.0 0.0 0.0 0.0 0.0 0.0 0.0 0.0 0.0 0.0 0.471404520791 0.0
PPPPPH 0.0 0.0 0.0 0.0 0.0 0.0 0.0 0.0 0.0 0.0 0.0 0.0 0.0 0.471404520791 0.471404520791 0.471404520791 0.471404520791 0.0 0.0 0.471404520791 0.0
HHPPH 0.0 0.0 0.0 0.0 0.471404520791 0.471404520791 0.471404520791 0.471404520791 0.471404520791 0.471404520791 0.471404520791 0.471404520791 0.942809041582 0.816496580928 0.471404520791 1.41421356237 0.816496580928 0.471404520791 0.471404520791 0.471404520791 0.816496580928
PPPHHH 0.0 0.0 0.0 0.0 0.0 0.0 0.0 0.0 0.0 0.0 0.0 0.0 0.0 0.0 0.0 0.0 0.0 0.0 0.471404520791 0.0 0.471404520791
PPPHHHHHHHHHH 0.0 0.0 0.0 0.0 0.0 0.0 0.0 0.0 0.0 0.0 0.0 0.0 0.0 0.0 0.0 0.0 0.0 0.0 0.0 0.0 0.471404520791
PPHPPP 0.0 0.0 0.0 0.0 0.0 0.0 0.0 0.0 0.0 0.0 0.0 0.471404520791 0.471404520791 0.471404520791 0.471404520791 0.471404520791 0.471404520791 0.471404520791 0.471404520791 0.0 0.471404520791
HPHPPP 0.0 0.0 0.0 0.0 0.0 0.0 0.0 0.0 0.0 0.0 0.0 0.0 0.0 0.0 0.0 0.0 0.471404520791 0.471404520791 0.471404520791 0.816496580928 0.816496580928
HHHHH 0.0 0.0 0.0 0.0 0.0 0.0 0.0 0.0 0.0 0.0 0.0 0.0 0.0 0.0 0.0 0.0 0.0 0.0 0.0 0.942809041582 0.0
PPHPHHH 0.0 0.0 0.0 0.0 0.0 0.0 0.0 0.0 0.0 0.0 0.0 0.0 0.0 0.0 0.0 0.0 0.0 0.0 0.0 0.0 0.471404520791
fHPHPHHP 0.0 0.0 0.0 0.0 0.0 0.0 0.0 0.0 0.0 0.0 0.0 0.0 0.0 0.0 0.0 0.0 0.471404520791 0.471404520791 0.471404520791 0.471404520791 0.471404520791
P 0.0 0.942809041582 5.09901951359 7.7888809637 4.49691252108 2.62466929134 1.63299316186 3.29983164554 2.86744175568 4.49691252108 2.94392028878 1.6996731712 3.55902608401 4.7842333648 2.49443825785 1.41421356237 0.471404520791 2.86744175568 1.24721912892 2.94392028878 6.94422221867
PPHPH 0.0 0.0 0.0 0.0 0.0 0.0 0.0 0.0 0.0 0.0 0.0 0.0 0.0 0.0 0.0 0.471404520791 0.942809041582 0.471404520791 0.471404520791 0.816496580928 0.816496580928
PPHPPH 0.0 0.0 0.0 0.0 0.0 0.0 0.0 0.0 0.0 0.0 0.0 0.0 0.0 0.0 0.0 0.0 0.0 0.471404520791 0.471404520791 0.471404520791 0.471404520791
PPHHHHHP 0.0 0.0 0.0 0.0 0.0 0.0 0.0 0.0 0.0 0.0 0.0 0.0 0.0 0.0 0.0 0.0 0.471404520791 0.471404520791 0.0 0.0 0.0
